Processing/URBAM/data/Grid/legoGridUnit.asc
ncols         625
nrows         384
xllcorner     90
yllcorner     5
cellsize      2.8
NODATA_value  -1
[rows 320 to 351 of 384, columns 213 to 283 of 625]
9.572698 9.572699 9.5727 45.15202 16.573975 9.572704 6.305457 6.304814 9.572708 51.437836 51.437836 9.572712 9.572713 16.573975 9.572716 6.299676 9.572718 16.573974 16.573975 16.573975 9.572723 9.572724 16.573975 9.572728 9.572729 9.57273 6.29261 10.088995 9.803966 9.574053 9.574054 3.173857 9.574054 9.574054 9.572742 27.868441 27.868441 27.868441 43.502037 40.929666 16.573974 6.282976 9.572751 16.573974 9.572754 9.572755 9.572757 16.573975 16.573975 6.277837 9.572762 16.573975 9.572764 9.572766 9.572767 39.905621 9.572769 6.272699 34.979557 34.979557 16.573975 16.573975 46.007088 46.007088 46.007088 46.007088 6.266918 6.266275 9.573815 9.573815 9.573815
9.572698 9.572699 9.572701 9.572702 16.573977 16.573976 6.305756 6.305113 6.304471 9.57271 51.437836 51.437836 16.573976 16.573975 6.300617 9.572717 16.573976 16.573976 9.572721 16.573976 9.572723 9.572725 16.573975 16.573976 16.573976 9.57273 6.292909 9.803966 9.803966 9.574054 9.574054 9.074056 9.574054 9.574054 9.572742 27.868441 9.572744 9.572746 23.971769 23.716806 16.573975 6.283275 9.572751 16.573975 9.572754 9.572756 9.572757 49.504094 49.504094 6.278136 9.572762 16.573975 9.572765 39.905622 39.905621 39.905621 9.572769 6.272998 9.572772 9.572773 9.572774 9.572776 9.572777 6.269144 6.268501 6.267859 6.267217 6.266574 6.265932 6.26529 6.264647
9.572698 9.572699 9.572701 16.573977 9.572704 6.306697 6.306055 9.573818 6.30477 6.304128 9.572711 9.572712 16.573978 9.572715 6.300916 9.572717 16.573977 9.57272 9.572721 9.572723 9.572724 9.572725 16.573976 16.573977 16.573977 9.572731 6.293208 9.803966 9.574054 9.574054 3.173859 9.074057 9.574054 9.574054 9.572742 16.573978 9.572744 9.572746 9.572747 16.573976 16.573977 6.283574 9.572752 61.541203 61.541203 9.572756 9.572757 49.504097 49.504097 6.278435 9.572762 16.573976 9.572765 9.572766 9.572767 6.274581 6.273939 6.273297 6.272654 6.272012 6.27137 6.270727 6.270085 6.269443 6.2688 6.268158 6.267516 9.573815 9.573815 9.573815 3.173765
16.573978 9.5727 16.573978 16.573978 9.572704 6.306996 9.573818 9.573818 9.573818 9.573818 6.303785 6.303142 9.572714 6.301858 9.572716 62.401257 65.986794 34.400058 9.572722 9.572723 9.572724 9.572726 9.572727 9.572728 16.573979 9.572731 6.293507 9.803967 9.574059 9.803968 3.17386 3.17386 9.304841 9.574054 9.572742 16.573978 9.572745 9.572746 9.572747 16.573979 16.573979 6.283873 9.572752 61.541203 61.541203 16.573978 16.573978 49.504097 9.57276 6.278734 6.278092 6.27745 6.276807 6.276165 6.275523 6.27488 6.274238 6.273596 9.572773 9.572774 25.917616 25.917616 16.573978 40.549427 16.573978 9.572781 6.267815 9.573815 9.573815 9.573815 3.173763
9.572699 16.573979 16.573979 9.572703 6.307937 9.573818 9.573818 9.573819 9.573818 9.573818 9.573818 6.303441 6.302799 6.302157 9.572717 48.728424 65.986794 16.573979 16.57398 9.572723 9.572724 9.572726 9.572727 16.57398 16.57398 9.572731 9.803973 9.803977 9.574066 9.574066 3.173861 3.173861 9.304842 9.574054 9.572742 51.030683 51.030683 9.572746 9.572747 9.572748 9.57275 6.284172 9.572752 16.57398 9.572755 9.572756 9.572757 6.280318 6.279676 6.279033 6.278391 6.277749 9.572766 9.572767 9.572768 49.328518 9.572771 6.273895 16.57398 9.572774 9.572775 9.572777 9.572778 9.572779 9.57278 6.268756 6.268114 9.573815 9.573815 9.573815 3.173761
6.310806 9.5727 9.572702 6.308879 9.573818 9.573818 9.573819 9.573819 9.573819 9.573818 9.573818 9.573818 6.303098 6.302456 6.301813 9.572718 9.57272 16.57398 9.572722 9.572723 9.572725 16.573981 70.986794 70.986794 16.57398 6.294748 9.574066 9.803979 9.803977 9.074059 3.173862 3.173862 9.304843 9.574054 9.572742 51.030684 51.030684 16.573981 16.57398 16.57398 16.57398 6.284471 9.572752 6.283186 6.282544 6.281902 6.281259 6.280617 9.57276 6.279332 9.572763 59.08306 16.573981 16.573981 16.573981 49.328518 9.572771 6.274194 16.573981 9.572774 9.572775 9.572777 9.572778 9.572779 9.57278 6.269055 9.573949 9.573815 9.573815 3.173757 3.173759
9.572699 6.310462 6.30982 9.573818 9.573819 9.573819 9.573819 9.573819 9.573819 9.573819 9.573819 6.304039 9.572714 9.572716 6.302112 6.30147 6.300828 6.300185 9.572722 9.572724 16.573982 16.573982 70.986794 70.986794 9.57273 6.295047 9.803977 9.574066 9.074061 3.173863 3.173863 3.173863 9.074065 9.574054 9.572742 51.030685 51.030685 16.573982 9.572747 9.572749 6.285412 6.28477 6.284128 6.283485 9.572755 9.572757 9.572758 9.572759 9.57276 6.279631 9.572763 9.572764 9.572766 9.572767 9.572768 16.573982 9.572771 6.274493 25.91762 25.91762 9.572776 9.572777 9.572778 39.573976 9.572781 6.269354 9.573815 9.573815 9.573815 3.173755 3.173756
9.572699 6.310762 6.310119 6.309477 9.573819 9.573819 9.573819 9.573819 9.573819 9.573819 6.304981 6.304338 16.573983 16.573983 59.083061 9.572718 9.57272 6.300484 6.299842 6.2992 6.298557 9.572726 9.572728 9.572729 9.57273 6.295346 9.803979 9.074064 9.074063 3.173864 3.173864 3.173864 9.074066 9.574054 9.572742 9.572744 9.572745 6.287638 6.286996 6.286353 6.285711 6.285069 9.572753 9.572755 9.572756 9.572757 9.572758 9.572759 9.57276 6.27993 9.572763 16.573983 9.572766 9.572767 9.572769 9.57277 9.572771 6.274792 16.573984 9.572775 9.572776 9.572777 9.572778 16.573984 9.572781 6.269653 9.573815 9.573815 9.573815 3.173753 3.173754
6.311703 9.572701 16.573984 9.572703 6.309134 6.308491 9.573819 9.573819 9.573819 9.573819 6.30528 9.572714 16.573984 9.572716 59.083061 59.083061 59.083061 9.572721 9.572722 9.572724 6.298856 6.298214 6.297572 6.29693 6.296287 6.295645 6.295002 6.29436 9.074066 3.173865 6.292433 6.291791 6.291149 6.290506 6.289864 6.289222 6.288579 6.287937 9.572748 9.572749 56.1567 6.285368 9.572753 9.572755 9.572756 9.572757 9.572758 9.572759 9.572761 6.280229 9.572763 16.573985 9.572766 16.573985 45.03652 16.573985 9.572771 6.275091 16.573984 16.573984 40.549432 40.549431 16.573984 16.573985 6.270595 6.269952 9.573815 9.573815 9.573815 3.173751 9.573815
9.5727 16.573986 16.573987 47.075222 9.572705 9.572706 6.308148 9.573819 9.573819 6.306221 9.572712 16.573986 9.572715 9.572716 9.572718 9.572719 9.57272 9.572721 9.572723 16.573986 16.573986 9.572726 9.572728 9.572729 6.296586 6.295944 6.295302 6.294659 6.294017 6.293375 6.292732 6.29209 6.291448 9.574064 9.572744 9.572745 16.573986 16.573986 16.573986 56.156701 56.156701 6.285667 9.572754 9.572755 9.572756 9.572757 9.572759 9.57276 9.572761 6.280528 9.572763 9.572764 9.572766 9.572767 9.572769 9.57277 9.572771 6.27539 9.572774 9.572775 9.572776 9.572777 9.572778 9.57278 6.270894 6.270251 9.573815 9.573815 3.173748 3.173749 9.573815
16.573987 16.573988 9.572703 9.572704 47.075224 47.075223 9.572707 6.307805 6.307162 9.572711 9.572713 16.573987 16.573988 16.573988 9.572718 9.572719 9.57272 9.572722 9.572723 9.572724 16.573988 52.718227 52.718227 9.572729 9.574067 9.574068 9.574067 9.074071 9.074071 3.17385 3.173856 3.173861 9.574071 9.574066 9.572744 16.573988 16.573988 16.573988 9.572748 56.156705 56.156705 6.285966 9.572754 69.813065 69.813065 16.573988 16.573988 16.573988 16.573988 6.280828 9.572764 9.572765 9.572766 9.572768 9.572769 9.57277 9.572771 6.275689 9.572774 9.572775 9.572776 9.572777 9.572779 9.57278 6.271193 9.573949 9.573949 9.573815 3.173746 3.173747 9.573815
51.437848 9.572702 9.572703 9.572704 9.572705 47.075225 9.572708 6.308104 9.57271 6.306819 6.306177 9.572714 9.572716 16.573989 16.57399 9.572719 9.572721 61.541203 61.541203 9.572724 9.572725 52.718227 52.718227 6.297827 9.574069 9.57407 9.574068 9.074073 9.074074 3.173853 3.173859 3.173864 9.574073 10.558574 9.572744 16.573988 9.572746 9.572747 9.572749 16.573988 16.573989 6.286265 9.572754 69.813065 69.813065 16.573988 16.573988 16.573988 16.573988 6.281127 9.572764 53.718071 9.572767 16.573989 16.573989 43.475803 9.572772 6.275988 29.819443 29.819442 16.573988 16.573988 39.573982 9.57278 6.271492 9.573949 9.573815 9.573815 3.173743 3.173745 9.573815
51.437851 9.572702 9.572703 9.572704 16.57399 9.572707 9.572708 6.308403 16.57399 16.573991 9.572713 9.572714 6.305191 6.304549 9.572718 9.57272 9.572721 61.541203 61.541203 16.57399 9.572726 16.57399 52.718227 6.298126 9.724095 9.574072 9.574069 9.074077 9.074077 9.574066 3.173862 9.074071 9.574074 10.558575 9.572744 60.888108 58.636709 36.912773 9.572749 16.57399 16.573991 6.286564 9.572754 69.813065 69.813065 9.572758 9.572759 16.57399 16.57399 6.281425 9.572764 16.57399 9.572767 9.572768 9.572769 16.57399 9.572772 6.276287 16.573989 9.572776 9.572777 9.572778 9.572779 9.57278 6.271791 9.573815 9.573815 9.573815 3.173741 3.173742 9.573949
16.573992 16.573992 16.573992 16.573991 16.573991 9.572707 6.309344 9.572709 16.573992 9.572712 59.08307 59.08307 9.572716 9.572717 6.304206 6.303563 9.572721 9.572722 9.572723 16.573991 16.573991 16.573991 9.572728 6.298425 9.724097 9.574073 9.574075 9.574077 9.574068 3.17386 3.173865 9.074073 9.574076 10.558575 9.572744 62.187564 59.936062 44.578274 9.572749 16.573991 16.573992 6.286863 9.572754 16.57399 9.572757 9.572758 9.572759 16.573991 16.573992 6.281725 9.572764 16.573991 9.572767 9.572768 9.572769 16.573992 9.572772 6.276586 16.57399 9.572776 9.572777 9.572778 16.573992 9.572781 6.27209 9.573815 9.573815 9.573815 3.173739 3.17374 9.573949
6.313497 9.572702 9.572703 16.573993 9.572706 6.310285 9.572708 16.573993 9.572711 9.572712 9.572713 59.083072 59.083071 9.572718 6.304505 9.57272 9.572721 6.302578 6.301935 6.301293 9.572726 9.572727 9.572729 6.298724 9.7241 9.574075 9.724103 9.574073 9.574072 3.173863 3.173869 9.074076 9.574077 10.558576 9.572744 16.573993 16.573994 16.573994 16.573994 16.573994 16.573993 6.287162 9.572754 16.573992 16.573993 16.573993 55.283676 55.283676 55.283676 6.282023 9.572765 16.573994 16.573994 43.475803 16.573994 16.573994 9.572772 6.276885 16.573992 9.572776 9.572777 9.572779 39.573986 9.572781 6.272389 9.573815 9.573815 9.573815 9.573949 3.173738 9.573949
9.572701 6.313154 9.572704 9.572705 6.311227 9.572707 52.371948 9.57271 9.572711 9.572712 9.572714 16.573995 16.573994 6.305446 9.572719 16.573994 16.573994 16.573994 9.572724 6.301592 6.30095 6.300307 6.299665 6.299023 9.724102 9.574077 9.574078 9.574075 9.574077 3.173866 3.173872 8.79189 9.574078 10.558577 9.572744 16.573994 16.573994 16.573994 16.573994 16.573994 16.573994 6.287461 9.572754 16.573993 16.573993 16.573993 55.283679 55.283679 55.283679 6.282322 9.572765 16.573994 16.573994 43.475803 16.573994 16.573994 9.572772 6.277184 31.770355 31.770355 16.573994 39.573986 39.573986 9.572781 6.272688 9.573815 9.573815 9.573815 3.173735 3.173736 9.573949
9.572701 9.572702 6.31281 6.312168 9.572706 52.371948 52.371948 52.371948 9.572711 9.572713 16.573996 16.573996 9.572717 6.305745 16.573995 16.573994 9.572722 16.573995 9.572724 9.572725 44.885338 44.885338 9.572729 6.299322 9.724104 9.574078 9.724102 9.074078 9.324083 3.173869 3.173875 8.79189 9.574079 10.558577 6.292256 6.291614 6.290972 6.290329 6.289687 6.289045 6.288402 6.28776 6.287118 6.286475 6.285833 6.285191 6.284548 6.283906 6.283264 6.282621 6.281979 6.281337 6.280695 6.280052 6.27941 6.278768 6.278125 6.277483 6.276841 6.276198 6.275556 6.274914 6.274271 6.273629 6.272987 9.573815 9.573815 9.573815 3.173733 9.573949 9.573949
54.205803 54.205803 9.572704 6.312467 6.311825 6.311183 9.572709 16.573995 16.573997 9.572713 16.573996 9.572715 6.306686 9.572718 16.573997 9.572721 16.573996 16.573996 6.302832 9.572726 44.88534 44.88534 9.572729 6.299621 9.574078 9.57408 9.574078 9.074079 9.324084 3.173873 8.79189 8.79189 9.574081 10.558578 9.572745 9.572746 9.572747 9.572748 9.572749 9.572751 9.572752 6.288059 9.572755 9.572756 9.572758 9.572759 9.57276 9.572761 9.572763 6.282921 9.572765 9.572766 9.572767 9.572769 9.57277 9.572771 9.572772 6.277782 9.572775 9.572776 9.572778 9.572779 9.57278 6.273928 6.273286 9.573815 9.573815 9.573815 3.173731 3.173732 9.573949
16.573998 9.572703 6.313409 9.572705 16.573997 9.572708 6.310839 6.310197 9.572712 16.573997 16.573998 6.307628 9.572717 16.573998 16.573998 9.572721 16.573997 16.573997 6.303131 9.572726 16.573998 9.572728 9.572729 6.29992 9.574082 9.574082 9.574078 9.07408 9.324084 3.173876 8.79189 8.79189 9.574082 10.558579 9.572745 33.545685 33.545685 16.573998 16.573998 16.573998 16.573998 6.288358 9.572755 16.573998 16.573999 16.573999 16.573999 16.573998 16.573998 6.28322 19.573998 19.573998 19.573998 9.572769 9.57277 9.572771 9.572773 6.278081 16.573997 16.573997 39.57399 9.572779 16.573997 6.274227 6.273585 9.573815 9.573815 9.573815 3.173728 3.17373 9.573949
9.572702 6.31435 9.572704 16.573999 16.573999 16.573998 16.573999 9.57271 6.309854 6.309211 9.572715 6.307927 16.573998 28.260108 63.986816 63.986816 16.573998 9.572724 6.30343 16.573999 16.574 9.572728 16.574 6.300219 9.574082 9.574082 9.574078 9.074081 9.074082 3.173879 3.173885 8.79189 9.574084 10.55858 9.572745 33.545686 33.545687 9.572749 9.57275 9.572751 9.572752 6.288657 9.572755 9.572757 9.572758 9.572759 9.572761 9.572762 9.572763 6.283519 9.572765 9.572767 9.572768 9.572769 9.57277 9.572772 9.572773 6.27838 16.574 9.572777 9.572778 9.572779 16.573998 6.274526 6.273884 9.573815 9.573815 9.573815 3.173726 3.173727 9.573949
6.315291 9.572703 9.572704 9.572705 9.572707 9.572708 16.574 9.57271 16.574001 9.572713 6.308868 6.308226 6.307583 9.572719 32.430855 63.986816 16.574 9.572724 6.303729 16.574 16.574001 42.138523 74.648983 6.300518 9.574081 9.574084 9.574079 9.19908 9.32408 3.173883 3.173888 9.07408 9.574085 9.574079 9.572745 16.574001 9.572748 9.572749 9.57275 16.574001 16.574 6.288956 9.572756 16.574001 9.572758 9.57276 9.572761 16.574 16.574 6.283817 9.572766 9.572767 9.572768 9.572769 9.572771 9.572772 9.572773 6.278679 16.574 9.572777 9.572778 9.57278 16.574 6.274825 6.274183 9.573815 9.573815 9.573815 3.173724 3.173725 9.573949
9.572702 45.281015 47.235237 9.572706 9.572707 9.572708 9.572709 16.574002 16.574001 9.572713 6.309167 9.572717 9.572718 6.30724 6.306598 9.572721 9.572723 9.572724 6.304028 16.574002 9.572728 17.178647 73.223994 9.572732 6.300175 9.574087 9.574085 9.574081 9.074084 3.173886 3.173891 3.173897 9.074087 9.574081 9.572745 16.574002 9.572748 9.572749 9.57275 16.574002 16.574002 6.289255 9.572756 16.574002 9.572758 9.57276 9.572761 16.574002 16.574001 6.284117 9.572766 9.572767 9.572768 9.57277 9.572771 9.572772 9.572773 6.278978 16.574001 9.572777 9.572779 39.573994 16.574001 6.275124 6.274482 9.573815 9.573815 9.573815 3.173722 3.173723 9.573949
6.315889 9.572703 48.665269 50.619528 52.573728 9.572708 9.57271 16.574003 9.572712 6.310108 9.572715 16.574003 16.574004 16.574003 9.572721 6.306254 6.305612 6.30497 9.572725 9.572727 9.572728 16.574002 71.799413 9.572732 6.300474 9.574088 9.574087 9.724091 9.724091 9.324086 3.173894 3.1739 9.074088 9.574082 9.572746 9.572747 9.572748 9.572749 9.572751 16.574004 16.574003 6.289554 9.572756 16.574003 9.572758 9.57276 9.572761 16.574003 16.574003 6.284416 9.572766 9.572767 9.572769 9.57277 9.572771 9.572772 9.572774 6.279277 16.574002 9.572777 9.572779 9.57278 9.572781 6.275423 6.274781 9.573815 9.573815 9.573815 3.17372 3.173721 9.573949
9.572703 6.315546 6.314904 9.572706 16.574005 16.574005 39.573997 9.572711 6.31105 9.572714 16.574004 9.572717 9.572718 39.573997 39.573997 9.572722 9.572723 6.305269 6.304626 6.303984 6.303342 9.57273 9.572731 16.574005 6.300773 9.57409 9.574089 9.57409 9.724091 9.074087 3.173898 3.173903 9.07409 9.574083 9.572746 9.572747 41.713211 20.126435 9.572751 16.574005 16.574004 6.289853 9.572756 16.574005 9.572759 9.57276 9.572761 45.15205 45.15205 6.284715 9.572766 9.572768 9.572769 9.57277 9.572771 9.572773 9.572774 6.279576 39.573997 39.573997 16.574004 16.574005 16.574005 6.275722 6.27508 9.573815 9.573815 6.273153 6.272511 6.271868 6.271226
9.572703 16.574005 9.572705 6.31456 6.313918 9.572709 9.57271 9.572711 6.311349 39.573999 16.574006 9.572717 9.572718 9.57272 9.572721 16.574005 16.574006 6.305568 9.572726 9.572727 9.572728 9.572729 6.302356 6.301714 6.301072 6.300429 9.874092 9.57409 9.57409 9.57409 9.324091 3.173907 9.074091 9.574085 9.572746 28.584679 40.420879 38.16565 9.572751 16.574007 16.574005 6.290152 9.572756 61.541203 61.541203 9.57276 9.572761 45.152052 45.152053 6.285014 19.574005 19.574005 19.574005 9.57277 9.572772 9.572773 9.572774 6.279875 9.572776 9.572778 9.572779 9.57278 6.276664 6.276021 6.275379 6.274737 6.274094 9.573815 3.173716 3.173717 9.573949
9.572703 16.574006 16.574007 16.574007 9.572708 6.313575 6.312932 6.31229 9.572713 39.574001 16.574007 16.574007 9.572718 9.57272 9.572721 16.574006 9.572723 6.305867 16.574007 16.574006 16.574008 16.574008 16.574007 9.572732 9.572733 6.300728 6.300086 6.299444 6.298801 6.298159 9.324092 3.17391 9.339402 9.574086 9.572746 9.572747 39.128884 16.574006 16.574007 16.574007 16.574006 6.290451 9.572756 61.541203 61.541203 61.541203 16.574007 45.152054 45.152054 6.285313 9.572767 9.572768 9.572769 9.57277 9.572772 9.572773 9.572774 6.280174 6.279532 6.27889 6.278247 9.572781 9.572782 6.27632 6.275678 9.573815 9.573815 9.573815 3.173713 3.173715 9.573949
9.572703 9.572704 9.572706 16.574008 16.574008 16.574007 6.313231 9.572712 6.311947 6.311304 9.572716 16.574007 16.574008 16.574008 16.574007 9.572722 9.572723 6.306166 16.574008 16.574008 9.572728 9.572729 79.964576 77.984375 16.574008 9.572735 6.300385 9.708185 9.708183 9.858227 4.295081 6.297174 6.296531 6.295889 6.295246 6.294604 6.293962 6.29332 6.292677 9.572753 9.572754 6.29075 9.572756 9.572758 9.572759 9.57276 9.572762 6.286896 6.286254 6.285612 6.28497 6.284327 6.283685 6.283043 6.2824 6.281758 9.572774 6.280473 9.572777 16.574007 16.574007 9.572781 37.623093 9.572783 6.275977 9.573815 9.573815 9.573815 3.173711 3.173712 9.573815
16.574009 16.574009 57.963205 15.761319 16.574009 9.57271 6.31353 15.594141 10.609646 9.572714 6.310961 6.310319 9.572719 9.57272 39.574001 39.574001 9.572723 6.306465 16.57401 9.572727 9.572728 9.57273 78.390502 32.260536 16.57401 9.572735 6.300684 9.875767 9.875763 9.875769 3.201628 9.375648 9.875765 9.875775 9.572746 9.572748 9.572749 9.57275 9.572751 9.572753 9.572754 6.291049 6.290407 9.572758 9.57276 9.572761 9.572762 9.572763 9.572765 6.285911 9.572767 9.572768 9.572769 16.574009 16.574009 16.57401 9.572774 6.280772 9.572777 9.572778 9.572779 9.572781 16.574009 9.572784 6.276276 9.573815 9.573815 9.573815 3.173709 3.17371 9.573815
9.572703 35.111368 61.060987 61.23221 16.574011 6.314472 9.572711 56.98682 56.986816 49.569837 16.574011 9.572717 6.309976 6.309333 6.308691 9.572722 6.307406 9.572725 79.367251 78.321255 9.572729 9.57273 9.572731 16.574011 16.574011 16.574012 6.300983 10.043343 10.314579 9.918306 3.238514 9.543232 10.293376 10.293382 9.572747 46.402191 46.402192 16.574011 16.574011 9.572753 16.574011 6.291348 9.572757 16.574011 16.574011 16.574011 16.574011 66.398994 66.398994 6.28621 9.572767 50.567474 16.57401 16.574011 16.574011 16.574011 9.572775 6.281071 39.574001 39.574001 9.57278 9.572781 9.572782 9.572784 6.276575 9.573949 9.573815 9.573815 3.173707 3.173708 9.573815
6.317982 6.31734 9.572706 44.549479 9.572709 6.314771 16.574012 16.574012 56.98681 11.602666 16.574012 16.574012 16.574012 9.57272 9.572721 6.308348 6.307705 9.572725 59.811769 57.281784 16.574012 16.574012 16.574012 16.574013 16.574013 16.574013 6.301282 10.210921 10.482168 9.960867 3.275402 9.710813 10.460961 10.210927 9.572747 46.402193 46.402194 9.572751 9.572752 16.574013 16.574012 6.291647 9.572757 9.572759 9.57276 9.572761 9.572762 66.398994 66.398994 6.286509 9.572767 9.572769 9.57277 9.572771 9.572772 16.574013 9.572775 6.281371 16.574012 9.572778 9.57278 9.572781 39.574005 9.572784 6.276874 9.573949 9.573815 9.573815 3.173705 3.173706 9.573815
9.573815 6.317639 6.316997 6.316354 6.315712 9.57271 16.574014 16.574014 16.574015 9.572715 9.572716 9.572718 16.574014 16.574013 16.574013 16.574015 6.308004 9.572725 6.30672 6.306077 9.572729 9.57273 16.574013 16.574014 16.574014 16.574013 9.572737 10.378488 10.649766 10.003416 9.878386 3.312285 10.378494 10.628547 9.572747 9.572748 9.57275 9.572751 9.572752 16.574014 16.574013 6.291946 9.572757 16.574013 9.57276 9.572761 9.572762 16.574013 16.574013 6.286808 9.572767 16.574014 16.574013 16.574013 16.574013 16.574014 9.572775 6.28167 9.572777 9.572779 9.57278 9.572781 9.572783 16.574015 6.277173 9.573949 9.573815 9.573815 9.573815 3.173704 3.173705
9.573949 9.573949 9.573815 6.316653 6.316011 6.315369 9.572711 9.572713 16.574015 16.574015 16.574015 9.572718 9.572719 63.180021 16.574015 9.572723 6.308303 16.574015 16.574015 9.572728 9.572729 6.305092 6.304449 9.572733 9.572735 16.574015 9.572738 10.546082 10.546073 10.170998 10.045964 3.349174 10.546075 10.796131 9.572747 16.574015 9.57275 9.572751 9.572752 16.574014 16.574014 6.292246 9.572757 16.574015 9.57276 9.572761 9.572762 16.574015 16.574014 6.287107 9.572768 16.574015 16.574015 16.574015 16.574015 39.574005 9.572775 6.281969 16.574015 39.574005 39.574005 16.574015 9.572783 16.574015 6.277472 6.27683 9.573815 9.573815 9.573815 3.173702 3.173703
