Processing/URBAM/data/Grid/legoGridUnit.asc
ncols         625
nrows         384
xllcorner     90
yllcorner     5
cellsize      2.8
NODATA_value  -1
[rows 192 to 223 of 384, columns 426 to 496 of 625]
9.572945 6.13358 9.572948 9.572949 9.57295 3.174215 3.174216 3.174217 9.572955 9.572957 9.572958 9.572959 9.57296 9.572962 9.572963 9.572964 9.572965 9.572967 6.12266 6.122018 9.57297 9.572972 10.074052 10.074052 10.074052 10.074052 10.074052 9.572979 9.572981 9.572982 9.572983 9.572985 9.572986 39.698925 39.698925 39.698925 9.572991 9.572992 9.572994 9.572995 3.173698 3.173698 3.173697 3.173697 9.573001 9.573003 9.573004 39.698925 39.698925 39.698925 39.698925 9.57301 9.573011 10.074052 6.099537 6.098895 6.098252 9.573018 9.573019 9.57302 51.501809 51.5016 51.501724 9.573025 9.573027 9.573028 9.573029 9.573031 9.573032 9.573033 41.077577
6.134521 9.572946 9.572948 9.572949 10.074052 9.572952 3.174214 3.174215 3.174216 9.572957 9.572958 9.572959 9.57296 9.572962 9.572963 9.572964 9.572966 9.572967 9.572968 6.122317 6.121675 9.572972 10.074052 9.572974 9.572976 9.572977 9.572978 9.57298 9.572981 9.572982 9.572983 9.572985 10.074052 39.698925 39.698925 39.698925 10.074052 9.572993 10.074052 9.572995 3.173698 3.173698 3.173698 3.173698 9.573002 9.573003 10.074052 9.573005 9.573007 9.573008 9.573009 9.57301 9.573012 9.573013 9.573014 6.099194 6.098551 6.097909 9.57302 9.573021 9.573022 51.501883 51.501238 51.501307 51.501925 9.573028 9.573029 9.573031 9.573032 41.076027 41.077685
6.13482 9.572947 9.572948 10.074052 9.572951 9.572952 9.572953 3.174213 3.174214 9.572957 9.572958 9.572959 9.572961 9.572962 9.572963 9.572964 9.572966 9.572967 9.572968 6.122616 6.121974 6.121331 9.572973 10.074052 9.572976 9.572977 9.572978 9.57298 9.572981 9.572982 9.572984 9.572985 9.572986 10.074052 39.698925 10.074052 9.572991 9.572993 9.572994 9.572995 9.572997 3.173698 3.173698 3.173698 3.173698 9.573003 9.573004 9.573006 9.573007 9.573008 9.573009 9.573011 9.573012 9.573013 10.074052 9.573016 6.09885 6.098208 9.57302 9.573021 9.573022 9.573024 51.501322 51.501043 51.501206 51.501701 51.502032 9.573031 9.573032 41.075801 9.573035
9.572945 9.572947 10.074052 9.572949 9.572951 10.074052 9.572953 3.174211 3.174212 3.174213 9.572958 9.57296 9.572961 9.572962 9.572963 9.572965 9.572966 9.572967 9.572968 9.57297 6.122273 6.12163 9.572973 10.074052 9.572976 9.572977 9.572979 9.57298 9.572981 9.572983 9.572984 9.572985 9.572986 10.074052 9.572989 9.57299 9.572992 9.572993 9.572994 10.074052 9.572997 3.173699 3.173699 3.173699 3.173698 9.573003 9.573005 10.074052 9.573007 39.698925 39.698925 39.698925 39.698925 39.698925 9.573015 10.074052 6.099149 6.098507 6.097865 9.573021 9.573023 9.573024 9.573025 9.573026 51.501366 51.501356 51.501313 9.573031 9.573032 9.573034 9.573035
9.572946 9.572947 9.572948 10.074052 9.572951 9.572952 10.074052 9.572955 3.17421 3.174211 3.174212 9.57296 9.572961 9.572962 9.572964 9.572965 9.572966 9.572967 9.572969 9.57297 6.122572 6.121929 6.121287 9.572975 10.074052 9.572978 9.572979 9.57298 9.572981 9.572983 9.572984 9.572985 10.074052 9.572988 10.074052 9.572991 9.572992 9.572993 9.572994 9.572996 9.572997 9.572998 3.173699 3.173699 3.173699 3.173699 9.573005 9.573006 9.573007 9.573009 9.57301 9.573011 9.573012 9.573014 9.573015 10.074052 9.573017 6.098806 6.098164 6.097522 9.573023 9.573024 9.573025 9.573026 9.573028 9.573029 9.57303 9.573031 9.573033 9.573034 6.090456
9.572946 10.074052 10.074052 10.074052 9.572951 9.572952 9.572954 10.074052 9.572956 3.174209 3.17421 9.57296 9.572961 9.572963 9.572964 9.572965 9.572966 9.572968 9.572969 9.57297 9.572971 6.122228 6.121586 6.120944 9.572976 9.572978 9.572979 9.57298 9.572982 9.572983 10.074052 9.572986 9.572987 9.572988 9.572989 10.074052 9.572992 9.572993 9.572995 10.074052 10.074052 9.572999 3.1737 3.173699 3.173699 3.173699 9.573005 9.573006 10.074052 9.573009 9.57301 9.573011 9.573012 9.573014 9.573015 9.573016 10.074052 9.573019 6.098463 6.097821 9.573023 9.573024 9.573025 9.573027 9.573028 9.573029 9.57303 9.573031 6.09204 6.091398 9.573036
10.074052 9.572947 9.572949 9.57295 10.074052 9.572953 9.572954 10.074052 10.074052 3.174207 3.174208 3.174209 9.572962 9.572963 9.572964 9.572965 9.572967 9.572968 9.572969 9.57297 9.572972 9.572973 6.121885 6.121243 9.572977 10.074052 9.572979 9.572981 9.572982 10.074052 9.572984 9.572986 9.572987 9.572988 9.57299 9.572991 9.572992 10.074052 10.074052 9.572996 9.572997 9.572999 9.573 3.1737 3.1737 3.1737 3.173699 9.573006 9.573008 9.573009 9.57301 39.698925 39.698925 39.698925 39.698925 39.698925 9.573018 10.074052 6.098762 6.09812 6.097477 9.573024 9.573026 9.573027 9.573028 9.573029 6.093623 6.092981 6.092339 6.091697 9.573036
9.572946 10.074052 9.572949 9.57295 9.572951 9.572953 9.572954 9.572955 10.074052 10.074052 3.174206 3.174207 3.174208 9.572963 9.572964 9.572966 9.572967 9.572968 9.572969 9.572971 9.572972 9.572973 6.122184 6.121542 6.1209 9.572978 10.074052 10.074052 9.572982 9.572983 9.572985 9.572986 9.572987 39.698925 39.698925 9.572991 10.074052 9.572994 9.572995 9.572996 9.572998 10.074052 9.573 3.1737 3.1737 3.1737 3.1737 9.573007 9.573008 10.074052 9.57301 9.573012 9.573013 9.573014 9.573015 9.573017 9.573018 9.573019 10.074052 6.098419 6.097776 6.097134 9.573026 9.573027 6.095207 6.094565 6.093922 9.573032 9.573033 6.091996 6.091353
9.572946 9.572948 9.572949 9.57295 9.572952 10.074052 9.572954 9.572956 10.074052 9.572958 9.57296 3.174205 3.174206 9.572963 9.572964 9.572966 9.572967 9.572968 9.572969 9.572971 9.572972 9.572973 9.572975 6.121841 6.121199 6.120556 9.57298 9.572981 9.572982 9.572984 9.572985 9.572986 39.698925 39.698925 9.57299 9.572991 9.572993 9.572994 9.572995 9.572997 9.572998 10.074052 9.573 9.573002 3.173701 3.1737 3.1737 3.1737 9.573008 9.573009 10.074052 9.573012 9.573013 9.573014 9.573016 9.573017 9.573018 9.573019 10.074052 9.573022 6.098075 6.097433 6.096791 6.096148 6.095506 9.57303 9.573031 9.573032 9.573033 9.573035 9.573036
10.074052 9.572948 10.074052 10.074052 10.074052 9.572953 10.074052 9.572956 10.074052 9.572958 10.074052 3.174203 3.174204 3.174205 9.572965 9.572966 9.572967 9.572968 9.57297 9.572971 9.572972 9.572973 9.572975 9.572976 6.121498 6.120855 9.57298 10.074052 9.572982 9.572984 9.572985 39.698925 39.698925 9.572989 9.57299 9.572992 9.572993 9.572994 9.572995 9.572997 9.572998 9.572999 10.074052 9.573002 3.173701 3.173701 3.173701 3.1737 9.573008 9.57301 10.074052 9.573012 9.573013 39.698925 39.698925 39.698925 39.698925 39.698925 9.573021 10.074052 6.098374 6.097732 6.09709 6.096447 9.573029 9.57303 9.573031 9.573032 9.573033 59.273918 61.225482
9.572947 9.572948 9.572949 9.572951 9.572952 9.572953 20.107719 20.107719 9.572957 9.572959 9.57296 10.074052 3.174202 3.174203 3.174204 9.572966 9.572967 9.572969 9.57297 9.572971 9.572972 9.572974 9.572975 9.572976 9.572977 6.121154 6.120512 9.572981 10.074052 9.572984 9.572985 9.572987 9.572988 9.572989 9.57299 9.572992 9.572993 9.572994 9.572996 9.572997 9.572998 9.573 10.074052 9.573002 3.173702 3.173701 3.173701 3.173701 3.173701 9.57301 9.573011 10.074052 9.573013 9.573015 9.573016 9.573017 9.573019 9.57302 9.573021 9.573022 10.074052 6.098031 6.097389 6.096747 9.573029 9.57303 9.573031 9.573032 9.573034 9.573035 60.33977
20.107719 9.572948 20.107719 20.107719 20.107719 20.107719 20.107719 20.107719 9.572958 10.074052 24.698931 9.572961 10.074052 3.174201 3.174202 9.572966 9.572968 9.572969 9.57297 9.572971 9.572973 9.572974 9.572975 9.572976 9.572978 6.121453 6.120811 6.120169 9.572983 9.572984 9.572985 9.572987 9.572988 9.572989 9.572991 9.572992 9.572993 9.572995 9.572996 39.698925 39.698925 9.573 9.573001 10.074052 9.573004 3.173702 3.173702 3.173701 3.173701 10.074052 10.074052 10.074052 10.074052 10.074052 10.074052 10.074052 10.074052 10.074052 10.074052 10.074052 10.074052 9.573025 6.097688 6.097046 6.096403 9.57303 9.573031 9.573033 9.573034 9.573035 9.573036
20.107719 20.107719 20.107719 20.107719 20.107719 20.107719 20.107719 20.107719 9.572958 10.074052 9.57296 9.572962 10.074052 3.174199 3.1742 3.174201 9.572968 9.572969 9.57297 9.572972 9.572973 9.572974 9.572975 9.572977 9.572978 9.572979 6.12111 6.120468 9.572983 10.074052 9.572986 9.572987 39.698925 39.698925 39.698925 39.698925 39.698925 9.572995 9.572996 39.698925 39.698925 39.698925 9.573001 10.074052 9.573004 3.173702 3.173702 3.173702 10.074052 3.173701 9.573011 9.573013 10.074052 9.573015 9.573016 9.573018 9.573019 9.57302 9.573021 9.573023 9.573024 10.074052 9.573026 6.097345 6.096702 9.57303 9.573032 83.647583 84.614009 9.573035 9.573037
20.107719 20.107719 20.107719 20.107719 20.107719 9.572954 9.572955 20.107719 9.572958 9.572959 10.074052 24.698931 9.572963 10.074052 3.174198 3.174199 3.1742 9.572969 9.572971 9.572972 9.572973 9.572974 9.572975 9.572977 9.572978 9.572979 9.572981 6.120767 6.120125 9.572984 10.074052 9.572987 9.572988 9.57299 9.572991 9.572992 9.572994 9.572995 9.572996 39.698925 39.698925 39.698925 9.573001 9.573003 10.074052 9.573005 10.074052 10.074052 3.173702 3.173702 9.573012 9.573013 10.074052 9.573015 9.573017 39.698925 39.698925 39.698925 39.698925 39.698925 10.074052 9.573025 9.573027 6.097644 6.097001 6.096359 9.573032 9.573033 87.360091 9.573036 9.573037
9.572948 9.572949 9.57295 9.572951 10.074052 10.074052 9.572955 20.107719 20.107719 9.572959 10.074052 9.572962 24.698931 9.572965 10.074052 3.174197 3.174198 9.572969 9.572971 9.572972 9.572973 9.572975 9.572976 9.572977 9.572978 9.57298 9.572981 6.121066 6.120424 6.119781 9.572986 9.572987 9.572989 9.57299 9.572991 9.572992 9.572994 9.572995 9.572996 9.572998 39.698925 39.698925 39.698925 9.573003 10.074052 10.074052 3.173703 3.173703 3.173703 3.173702 3.173702 9.573013 9.573014 10.074052 10.074052 10.074052 10.074052 10.074052 10.074052 10.074052 9.573024 9.573026 9.573027 9.573028 6.0973 6.096658 6.096016 9.573033 90.105515 9.573036 9.573037
20.107719 10.074052 9.57295 9.572952 9.572953 9.572954 9.572956 20.107719 20.107719 9.57296 10.074052 10.074052 9.572963 24.698931 10.074052 3.174194 3.174196 3.174197 9.572971 9.572972 9.572973 9.572975 9.572976 9.572977 9.572978 9.57298 9.572981 9.572982 6.120723 6.12008 9.572986 10.074052 9.572989 9.57299 9.572991 9.572993 9.572994 9.572995 9.572997 9.572998 9.572999 39.698925 39.698925 10.074052 10.074052 9.573006 9.573007 3.173703 3.173703 3.173703 3.173703 9.573013 9.573015 10.074052 9.573017 39.698925 39.698925 10.074052 9.573022 9.573023 9.573025 9.573026 9.573027 9.573028 9.57303 6.096957 6.096315 9.573033 9.573035 93.819671 9.573037
20.107719 10.074052 9.572951 9.572952 9.572953 9.572954 10.074052 9.572957 20.107719 20.107719 10.074052 9.572962 10.074052 9.572965 24.698931 10.074052 3.174193 3.174195 3.174196 9.572972 9.572974 9.572975 9.572976 9.572977 9.572979 9.57298 9.572981 9.572983 9.572984 6.120379 6.119737 9.572988 10.074052 9.57299 39.698925 39.698925 39.698925 39.698925 39.698925 9.572998 9.572999 9.573001 10.074052 9.573003 9.573005 9.573006 9.573007 3.173704 3.173704 3.173703 3.173703 3.173703 9.573015 9.573016 10.074052 39.698925 10.074052 9.573021 9.573022 9.573023 9.573025 9.573026 9.573027 9.573029 9.57303 6.097256 6.096614 6.095972 9.573035 9.573036 9.573038
20.107719 9.57295 9.572951 9.572952 9.572953 9.572955 9.572956 9.572957 20.107719 20.107719 10.074052 9.572963 9.572964 10.074052 9.572966 24.698931 10.074052 3.174193 3.174194 9.572973 9.572974 9.572975 9.572976 9.572978 9.572979 9.57298 9.572981 9.572983 9.572984 6.120678 6.120036 6.119394 9.572989 9.57299 9.572992 9.572993 9.572994 9.572996 9.572997 9.572998 10.074052 10.074052 9.573002 9.573003 9.573005 9.573006 9.573007 9.573009 3.173704 3.173704 3.173704 3.173703 9.573015 9.573016 10.074052 9.573019 9.57302 9.573021 9.573022 9.573024 9.573025 9.573026 9.573027 9.573029 9.57303 9.573031 6.096913 6.096271 6.095628 9.573037 9.573038
10.074052 10.074052 10.074052 10.074052 10.074052 10.074052 10.074052 10.074052 9.572959 9.57296 10.074052 9.572963 9.572964 10.074052 9.572967 9.572968 24.698931 3.17419 3.174192 3.174193 9.572974 9.572975 9.572977 9.572978 9.572979 9.57298 9.572982 9.572983 9.572984 9.572985 6.120335 6.119693 9.572989 10.074052 9.572992 9.572993 9.572994 9.572996 9.572997 10.074052 9.573 9.573001 9.573002 9.573004 9.573005 9.573006 9.573008 9.573009 3.173705 3.173704 3.173704 3.173704 3.173703 9.573016 9.573018 9.573019 9.57302 9.573021 9.573023 9.573024 9.573025 9.573026 9.573028 9.573029 9.57303 9.573031 9.573033 6.09657 6.095927 9.573036 9.573038
3.174168 3.17417 3.174171 3.174172 3.174173 3.174174 3.174175 9.572958 10.074052 9.57296 10.074052 9.572963 9.572964 20.107719 10.074052 24.698931 9.572969 10.074052 3.174189 3.174191 3.174192 9.572976 9.572977 9.572978 9.572979 9.572981 9.572982 9.572983 9.572984 9.572986 9.572987 6.119992 6.11935 9.572991 10.074052 9.572993 9.572995 10.074052 9.572997 9.572999 10.074052 9.573001 9.573003 39.698925 9.573005 9.573006 9.573008 9.573009 9.57301 3.173705 3.173705 3.173704 3.173704 9.573017 9.573018 9.573019 9.57302 9.573022 9.573023 9.573024 9.573025 9.573027 9.573028 9.573029 9.57303 9.573032 9.573033 6.096869 6.096226 6.095584 9.573038
3.174166 3.174168 3.174169 3.17417 3.174171 3.174172 3.174173 3.174174 3.174176 9.572961 10.074052 9.572963 9.572965 9.572966 9.572967 10.074052 24.698931 9.572971 10.074052 3.174188 3.174189 9.572976 9.572977 9.572978 9.572979 9.572981 9.572982 9.572983 9.572985 9.572986 9.572987 6.120291 6.119649 6.119006 9.572992 9.572993 10.074052 9.572996 9.572997 9.572999 9.573 9.573001 39.698925 39.698925 9.573005 9.573007 9.573008 9.573009 9.573011 3.173705 3.173705 3.173705 3.173704 3.173704 9.573018 9.573019 9.57302 9.573022 9.573023 9.573024 9.573026 9.573027 9.573028 9.573029 9.573031 9.573032 9.573033 9.573034 6.096525 6.095883 6.095241
3.174164 3.174165 3.174166 3.174168 3.174169 3.17417 3.174171 3.174172 3.174173 3.174175 9.572962 10.074052 9.572965 24.698931 9.572967 9.572969 9.57297 24.698931 9.572972 9.572974 3.174187 3.174188 9.572977 9.572978 9.57298 9.572981 9.572982 9.572983 9.572985 9.572986 9.572987 9.572989 6.119948 6.119305 9.572992 10.074052 9.572995 9.572996 9.572998 39.698925 39.698925 10.074052 9.573003 9.573004 39.698925 9.573007 9.573008 9.573009 9.573011 9.573012 3.173706 3.173705 3.173705 3.173705 9.573018 9.573019 9.573021 9.573022 9.573023 9.573024 9.573026 9.573027 9.573028 9.57303 9.573031 9.573032 9.573033 9.573035 9.573036 6.096182 6.09554
3.174162 3.174163 3.174164 3.174165 3.174167 3.174168 3.174169 3.17417 3.174171 3.174172 3.174174 9.572964 10.074052 24.698931 24.698931 9.572969 10.074052 9.572971 9.572973 10.074052 3.174185 3.174186 3.174187 9.572979 9.57298 9.572981 9.572982 9.572984 9.572985 9.572986 9.572988 9.572989 9.57299 6.119604 6.118962 9.572994 10.074052 39.698925 39.698925 39.698925 39.698925 9.573002 10.074052 9.573004 9.573006 9.573007 9.573008 9.57301 9.573011 9.573012 3.173706 3.173706 3.173706 3.173705 3.173705 9.57302 9.573021 9.573022 9.573023 9.573025 9.573026 9.573027 9.573028 9.57303 9.573031 9.573032 9.573034 3.173702 3.173702 6.096481 6.095839
3.17416 3.174161 3.174162 3.174163 3.174165 3.174166 3.174167 3.174168 3.174169 3.17417 3.174171 3.174173 9.572965 10.074052 9.572968 24.698931 9.57297 10.074052 24.698931 9.572974 10.074052 3.174184 3.174185 9.572979 9.57298 9.572981 9.572983 9.572984 9.572985 9.572986 9.572988 9.572989 9.57299 6.119903 6.119261 6.118619 9.572995 10.074052 39.698925 9.572999 9.573001 39.698925 9.573003 39.698925 9.573006 9.573007 9.573009 9.57301 9.573011 9.573012 9.573014 3.173706 3.173706 3.173706 3.173705 9.57302 9.573021 9.573022 9.573024 9.573025 9.573026 9.573027 9.573029 9.57303 9.573031 9.573032 3.173703 3.173703 9.573037 9.573038 6.096138
3.174158 3.174159 3.17416 3.174161 3.174162 3.174164 3.174165 3.174166 3.174167 3.174168 3.174169 3.17417 3.174172 9.572966 10.074052 9.572969 9.57297 9.572972 10.074052 24.698931 9.572976 10.074052 3.174183 3.174184 9.57298 9.572982 9.572983 9.572984 9.572985 9.572987 9.572988 9.572989 9.572991 9.572992 6.11956 6.118918 9.572995 10.074052 9.572998 9.572999 39.698925 39.698925 39.698925 10.074052 9.573006 9.573007 9.573009 9.57301 9.573011 9.573013 9.573014 3.173707 3.173707 3.173706 3.173706 3.173706 9.573021 9.573023 9.573024 9.573025 9.573026 9.573028 9.573029 9.57303 3.173704 3.173704 3.173703 9.573036 9.573037 9.573038 9.573039
3.174156 3.174157 3.174158 3.174159 3.17416 3.174161 3.174163 3.174164 3.174165 3.174166 3.174167 3.174168 3.17417 3.174171 9.572968 10.074052 24.698931 9.572972 10.074052 9.572974 24.698931 10.074052 3.174181 3.174182 3.174183 9.572982 9.572983 9.572984 9.572986 9.572987 9.572988 9.572989 9.572991 9.572992 9.572993 6.119217 6.118574 9.572997 10.074052 39.698925 39.698925 39.698925 10.074052 10.074052 9.573006 9.573008 9.573009 9.57301 9.573012 9.573013 9.573014 9.573015 3.173707 3.173707 3.173706 3.173706 9.573021 9.573023 9.573024 9.573025 9.573027 9.573028 9.573029 3.173705 3.173704 3.173704 9.573034 9.573036 9.573037 9.573038 9.573039
3.174153 3.174155 3.174156 3.174157 3.174158 3.174159 3.17416 3.174162 3.174163 3.174164 3.174165 3.174166 3.174167 3.174168 3.17417 9.57297 10.074052 24.698931 9.572973 10.074052 9.572976 24.698931 9.572979 3.17418 3.174181 9.572982 9.572983 9.572984 9.572986 9.572987 9.572988 9.57299 9.572991 9.572992 9.572993 6.119516 6.118873 6.118231 9.572998 10.074052 9.573001 10.074052 9.573004 9.573005 9.573006 9.573008 9.573009 9.57301 9.573012 9.573013 9.573014 9.573016 3.173708 3.173707 3.173707 3.173707 3.173706 9.573023 9.573024 9.573025 9.573027 3.173706 3.173705 3.173705 9.573032 9.573033 9.573035 9.573036 9.573037 9.573039 9.57304
3.174151 3.174152 3.174154 3.174155 3.174156 3.174157 3.174158 3.174159 3.174161 3.174162 3.174163 3.174164 3.174165 3.174166 3.174167 3.174169 10.074052 9.572972 24.698931 9.572975 10.074052 10.074052 3.174177 3.174178 3.174179 9.572982 9.572983 9.572985 9.572986 9.572987 9.572989 9.57299 9.572991 9.572992 9.572994 9.572995 6.119172 6.11853 9.572999 9.573 10.074052 9.573003 9.573004 9.573005 9.573007 9.573008 9.573009 9.573011 9.573012 9.573013 9.573014 9.573016 9.573017 3.173708 3.173707 3.173707 3.173707 9.573023 9.573024 9.573026 3.173706 3.173706 3.173706 9.573031 9.573032 9.573033 9.573035 9.573036 9.573037 9.573039 9.57304
3.174149 3.17415 3.174151 3.174153 3.174154 3.174155 3.174156 3.174157 3.174158 3.17416 3.174161 3.174162 3.174163 3.174164 3.174165 3.174167 3.174168 10.074052 10.074052 10.074052 9.572976 3.174174 3.174175 3.174176 9.572982 9.572982 9.572984 9.572985 9.572986 9.572987 9.572989 9.57299 9.572991 9.572993 9.572994 9.572995 9.572996 6.118829 6.118187 9.573 9.573001 9.573003 9.573004 9.573005 9.573007 9.573008 9.573009 9.573011 9.573012 9.573013 9.573015 9.573016 9.573017 3.173708 3.173708 3.173708 3.173707 3.173707 9.573025 3.173707 3.173707 9.573028 9.57303 9.573031 9.573032 9.573034 9.573035 9.573036 9.573038 9.573039 9.57304
3.174147 3.174148 3.174149 3.17415 3.174152 3.174153 3.174154 3.174155 3.174156 3.174157 3.174159 3.17416 3.174161 3.174162 3.174163 3.174164 3.174166 3.174167 3.174168 3.174169 3.17417 3.174171 3.174173 9.57298 9.572982 9.572982 9.572984 9.572986 9.572986 9.572988 9.572989 9.57299 9.572991 9.572993 9.572994 9.572995 9.572997 6.119128 6.118486 6.117844 9.573002 9.573003 9.573004 9.573006 9.573007 9.573008 9.57301 9.573011 9.573012 9.573014 9.573015 9.573016 9.573017 9.573019 3.173708 3.173708 3.173708 3.173708 3.173707 3.173707 9.573027 9.573029 9.57303 9.573031 9.573033 9.573034 9.573035 9.573037 9.573038 9.573039 6.097932
3.174145 3.174146 3.174147 3.174148 3.17415 3.174151 3.174152 3.174153 3.174154 3.174155 3.174157 3.174158 3.174159 3.17416 3.174161 3.174162 3.174164 3.174165 3.174166 3.174167 3.174168 3.174169 9.572979 9.57298 9.572982 9.572983 9.572985 9.572986 9.572987 9.572988 9.572989 9.57299 9.572992 9.572993 9.572994 9.572996 9.572997 9.572998 6.118785 6.118143 9.573002 9.573003 9.573004 9.573006 9.573007 9.573008 9.57301 9.573011 9.573012 9.573014 9.573015 9.573016 9.573018 9.573019 3.173709 3.173709 3.173708 3.173708 3.173708 9.573026 9.573027 9.573029 9.57303 9.573031 9.573033 9.573034 9.573035 9.573037 9.573038 6.098873 6.098231
6.143492 6.14285 3.174145 3.174146 3.174147 3.174149 3.17415 3.174151 3.174152 3.174153 3.174154 3.174156 3.174157 3.174158 3.174159 3.17416 3.174161 3.174163 3.174164 3.174165 3.174166 3.174167 9.572979 9.57298 9.572982 9.572983 9.572985 9.572986 9.572987 9.572989 9.572989 9.572991 9.572992 9.572993 9.572994 9.572996 9.572997 9.572998 9.573 6.118442 6.117799 9.573003 9.573005 9.573006 9.573007 9.573009 9.57301 9.573011 9.573013 9.573014 9.573015 9.573017 9.573018 9.573019 9.57302 3.173709 3.173709 3.173709 3.173708 9.573026 9.573028 9.573029 9.57303 9.573032 9.573033 9.573034 9.573036 6.100457 6.099814 6.099172 9.57406
