Processing/URBAM/data/Grid/legoGridUnit.asc
ncols         625
nrows         384
xllcorner     90
yllcorner     5
cellsize      2.8
NODATA_value  -1
[rows 224 to 255 of 384, columns 213 to 283 of 625]
9.57268 9.572681 9.572682 9.572683 9.572685 9.572686 9.572687 9.572689 9.57269 9.572691 9.572692 9.572694 9.572695 9.572696 9.572697 9.572699 9.5727 6.269684 6.269042 9.572704 9.572706 3.172933 3.172934 9.572709 9.57271 9.572711 9.572713 6.263261 6.262619 6.261977 6.261335 9.572719 9.57272 9.572722 9.572723 9.572724 9.572725 9.572727 9.572728 9.572729 9.572731 9.572732 9.572733 9.572735 6.252342 6.2517 9.572738 9.57274 9.572741 9.572742 9.572743 9.572745 9.572746 9.572747 9.572749 9.57275 9.572751 9.572753 9.572754 9.572755 9.572756 9.572757 9.572759 9.57276 9.572761 9.572762 9.572764 9.572765 9.572766 9.572768 9.572769
9.57268 9.572681 9.572682 9.572684 9.572685 9.572686 9.572687 9.572689 9.57269 9.572691 9.572693 9.572694 9.572695 9.572696 9.572698 9.572699 9.5727 6.269984 6.269341 9.572704 3.17293 3.172931 3.172932 9.572709 9.57271 9.572712 9.572713 9.572714 6.262918 6.262276 6.261634 9.572719 9.572721 9.572722 9.572723 9.572724 9.572726 9.572727 9.572728 9.57273 9.572731 9.572732 9.572733 9.572735 9.572736 6.251999 9.572738 9.57274 9.572741 9.572742 9.572744 9.572745 9.572746 9.572747 9.572749 9.57275 9.572751 9.572753 9.572754 9.572756 9.572756 9.572757 9.572759 9.57276 9.572761 9.572763 9.572764 9.572765 9.572767 9.572768 9.572769
9.57268 9.572681 9.572683 9.572684 9.572685 9.572686 9.572688 9.572689 9.57269 9.572691 9.572693 9.572694 9.572695 9.572697 9.572698 9.572699 9.5727 6.270283 6.26964 9.572705 3.172928 3.172929 3.17293 9.572709 9.572711 9.572712 9.572713 9.572715 6.263217 6.262575 6.261933 9.57272 9.572721 9.572722 9.572723 9.572725 9.572726 9.572727 9.572729 9.57273 9.572731 9.572732 9.572734 9.572735 9.572736 6.252298 6.251655 9.57274 9.572741 9.572742 9.572744 9.572745 9.572747 9.572748 9.572749 9.57275 9.572751 9.572753 9.572754 9.572756 9.572756 9.572758 9.572759 9.57276 9.572761 9.572763 9.572764 9.572765 9.572767 9.572768 9.572769
9.57268 9.572682 9.572683 9.572684 9.572685 9.572687 9.572688 9.572689 9.57269 9.572692 9.572693 9.572694 9.572695 9.572697 9.572698 9.572699 9.572701 6.270582 6.269939 9.572705 3.172925 3.172927 3.172928 9.57271 9.572711 9.572712 9.572713 9.572715 6.263516 6.262874 6.262232 6.261589 9.572721 9.572722 9.572724 9.572725 9.572726 9.572727 9.572729 9.57273 9.572731 9.572732 9.572734 9.572735 9.572736 6.252597 6.251954 9.57274 9.572741 9.572743 9.572744 9.572745 9.572747 9.572748 9.572749 9.57275 9.572752 9.572753 9.572754 9.572756 9.572757 9.572758 9.572759 9.57276 9.572762 9.572763 9.572764 9.572766 9.572767 9.572768 9.57277
9.57268 9.572682 9.572683 9.572684 9.572686 9.572687 9.572688 9.572689 9.572691 9.572692 9.572693 9.572694 9.572696 9.572697 9.572698 9.5727 9.572701 6.270881 6.270238 9.572705 3.172923 3.172924 3.172926 9.57271 9.572711 9.572712 9.572714 9.572715 9.572716 6.263173 6.262531 6.261888 9.572721 9.572722 9.572724 9.572725 9.572726 9.572728 9.572729 9.57273 9.572731 9.572732 9.572734 9.572735 9.572736 6.252896 6.252253 9.57274 9.572741 9.572743 9.572744 9.572746 9.572747 9.572748 9.572749 9.57275 9.572752 9.572753 9.572754 9.572756 9.572757 9.572758 9.572759 9.57276 9.572762 9.572763 9.572764 9.572766 9.572767 9.572768 9.57277
9.572681 9.572682 9.572683 9.572684 9.572686 9.572687 9.572688 9.572689 9.572691 9.572692 9.572693 9.572695 9.572696 9.572697 9.572698 9.5727 9.572701 6.27118 6.270537 9.572705 3.172921 3.172922 3.172923 9.57271 9.572711 9.572713 9.572714 9.572715 9.572716 6.263472 6.26283 6.262187 9.572721 9.572723 9.572724 9.572725 9.572726 9.572728 9.572729 9.57273 9.572731 9.572733 6.255122 6.25448 6.253837 6.253195 6.252553 6.25191 6.251268 6.250626 6.249983 6.249341 6.248699 6.248056 6.247414 6.246772 6.24613 6.245487 6.244845 6.244203 6.24356 6.242918 6.242276 6.241633 6.240991 6.240349 6.239706 6.239064 6.238422 6.237779 6.237137
9.572681 9.572682 9.572683 9.572685 9.572686 9.572687 9.572688 9.57269 9.572691 9.572692 9.572693 9.572695 9.572696 9.572697 9.572699 9.5727 9.572701 6.271479 6.270836 9.572705 3.172919 3.17292 3.172921 9.57271 9.572711 9.572712 9.572714 9.572715 9.572716 6.263771 6.263129 6.262486 6.261844 9.572723 9.572724 9.572725 9.572726 9.572728 9.572729 9.572731 6.256706 6.256063 9.572734 9.572736 9.572737 9.572738 9.57274 9.572741 9.572742 9.572744 9.572745 9.572746 9.572747 6.248355 6.247713 9.572751 9.572753 9.572754 9.572755 9.572756 9.572758 9.572759 9.57276 9.572761 9.572763 9.572764 9.572765 9.572766 9.572767 9.572768 9.57277
9.572681 9.572682 9.572684 9.572685 9.572686 9.572687 9.572689 9.57269 9.572691 9.572692 9.572694 9.572695 9.572696 9.572698 9.572699 9.5727 9.572701 6.271778 6.271135 9.572706 3.172917 3.172918 3.172919 9.572711 9.572712 9.572713 9.572714 9.572715 9.572717 9.572718 6.263428 6.262785 6.262143 9.572723 9.572724 9.572725 9.572727 6.258931 6.258289 6.257647 9.572732 9.572733 9.572735 9.572736 9.572737 9.572739 9.57274 9.572741 9.572743 9.572744 9.572745 9.572746 9.572747 6.248654 6.248012 9.572751 9.572753 9.572754 9.572755 9.572756 9.572758 9.572759 9.57276 9.572762 9.572763 9.572764 9.572765 9.572766 9.572767 9.572769 9.57277
9.572681 9.572682 9.572684 9.572685 9.572686 9.572688 9.572689 9.57269 9.572691 9.572693 9.572694 9.572695 9.572696 9.572698 9.572699 9.5727 9.572702 6.272077 6.271435 9.572706 3.172915 3.172916 3.172917 9.572711 9.572712 9.572713 9.572715 9.572716 9.572717 9.572718 6.263727 6.263084 6.262442 6.2618 6.261157 6.260515 6.259873 9.572729 9.57273 9.572731 9.572732 9.572734 9.572735 9.572736 9.572737 9.572739 9.57274 9.572741 9.572743 9.572744 9.572745 9.572746 9.572747 6.248953 6.248311 9.572752 9.572753 9.572754 9.572755 9.572757 9.572758 9.572759 9.57276 9.572762 9.572763 9.572764 9.572766 9.572767 9.572768 9.572769 9.57277
9.572681 9.572683 9.572684 9.572685 9.572686 9.572688 9.572689 9.57269 9.572691 9.572693 9.572694 9.572695 9.572697 9.572698 9.572699 9.572701 9.572702 6.272376 9.572704 3.172911 3.172913 3.172914 3.172915 9.57271 9.572712 9.572713 9.572714 9.572716 9.572717 9.572718 6.264026 6.263383 6.262741 6.262099 9.572725 9.572726 9.572727 9.572729 9.57273 9.572731 9.572733 9.572734 9.572735 9.572736 9.572738 9.572739 9.57274 9.572742 9.572743 9.572744 9.572746 9.572747 9.572748 6.249252 6.24861 9.572752 9.572753 9.572754 9.572755 9.572757 9.572758 9.572759 9.572761 9.572762 9.572763 9.572764 9.572766 9.572767 9.572768 9.572769 9.57277
9.572682 9.572683 9.572684 9.572685 9.572687 9.572688 9.572689 9.57269 9.572692 9.572693 9.572694 9.572696 9.572697 9.572698 9.572699 9.572701 9.572702 6.272675 9.572705 3.172909 3.17291 3.172912 9.572709 9.572711 9.572712 9.572713 9.572715 9.572716 6.265609 6.264967 9.57272 9.572721 9.572723 9.572724 9.572725 9.572726 9.572728 9.572729 9.57273 9.572731 9.572733 9.572734 9.572735 9.572736 9.572738 9.572739 9.572741 9.572742 9.572743 9.572744 9.572746 9.572747 9.572748 6.249551 6.248909 9.572752 9.572753 9.572754 9.572756 9.572757 9.572758 9.572759 9.572761 9.572762 9.572763 9.572765 9.572766 9.572767 9.572768 9.572769 9.572771
9.572682 9.572683 9.572684 9.572686 9.572687 9.572688 9.572689 9.572691 9.572692 9.572693 9.572694 9.572696 9.572697 9.572698 9.5727 9.572701 6.273616 6.272974 9.572705 3.172907 3.172908 3.172909 9.57271 9.572711 9.572712 9.572714 6.267193 6.266551 9.572718 9.572719 9.57272 9.572722 9.572723 9.572724 9.572725 9.572727 9.572728 9.572729 9.57273 9.572732 9.572733 9.572734 9.572735 9.572736 9.572738 9.572739 9.572741 9.572742 9.572743 9.572745 9.572746 9.572747 9.572749 6.24985 6.249208 9.572752 9.572753 9.572754 9.572756 9.572757 9.572758 9.57276 9.572761 9.572762 9.572763 9.572765 9.572766 9.572767 9.572769 9.57277 9.572771
9.572682 9.572683 9.572684 9.572686 9.572687 9.572688 9.57269 9.572691 9.572692 9.572693 9.572695 9.572696 9.572697 9.572699 9.5727 9.572701 6.273915 6.273273 9.572705 3.172905 3.172906 3.172907 9.57271 6.269419 6.268777 9.572714 9.572715 9.572717 9.572718 9.572719 9.572721 9.572722 9.572723 9.572724 9.572726 9.572727 9.572728 9.572729 9.572731 9.572732 9.572733 9.572734 9.572735 9.572737 9.572738 9.57274 9.572741 9.572742 9.572743 9.572745 9.572746 9.572747 9.572749 6.250149 6.249507 9.572752 9.572753 9.572755 9.572756 9.572757 9.572758 9.57276 9.572761 9.572762 9.572764 9.572765 9.572766 9.572767 9.572769 9.57277 9.572771
9.572682 9.572683 9.572685 9.572686 9.572687 9.572688 9.57269 9.572691 9.572692 9.572694 9.572695 9.572696 9.572697 9.572699 9.5727 9.572701 6.274214 6.273572 9.572705 3.172903 6.271645 6.271003 9.57271 9.572712 9.572713 9.572714 9.572715 9.572717 9.572718 9.572719 9.572721 9.572722 9.572723 9.572724 9.572726 9.572727 9.572728 9.57273 9.572731 9.572732 9.572733 9.572735 9.572736 9.572737 9.572738 9.57274 9.572741 9.572742 9.572744 9.572745 9.572746 9.572747 9.572749 6.250448 6.249806 9.572752 9.572753 9.572755 9.572756 9.572757 9.572759 9.57276 9.572761 9.572762 9.572764 9.572765 9.572766 9.572768 9.572769 9.57277 9.572771
9.572682 9.572684 9.572685 9.572686 9.572687 9.572689 9.57269 9.572691 9.572692 9.572694 9.572695 9.572696 9.572698 9.572699 9.5727 9.572702 6.274513 6.273871 6.273229 3.172901 3.172902 3.172903 9.57271 9.572712 9.572713 9.572714 9.572716 9.572717 9.572718 9.57272 9.572721 9.572722 9.572723 9.572724 9.572726 9.572727 9.572728 9.57273 9.572731 9.572732 9.572733 9.572735 9.572736 9.572737 9.572738 9.57274 9.572741 9.572742 9.572744 9.572745 9.572746 9.572747 9.572749 6.250748 6.250105 9.572752 9.572753 9.572755 9.572756 9.572757 9.572759 9.57276 9.572761 9.572763 9.572764 9.572765 9.572766 9.572768 9.572769 9.57277 9.572771
9.572682 9.572684 9.572685 9.572686 9.572688 9.572689 9.57269 9.572691 9.572693 9.572694 9.572695 9.572697 9.572698 9.572699 9.5727 9.572702 6.274812 6.27417 9.572706 3.172899 3.1729 3.172901 9.57271 9.572712 9.572713 9.572715 9.572716 9.572717 9.572719 9.57272 9.572721 9.572722 9.572723 9.572724 9.572726 9.572727 9.572729 9.57273 9.572731 9.572732 9.572734 9.572735 9.572736 9.572737 9.572739 9.57274 9.572741 6.254901 6.254258 6.253616 6.252973 6.252331 6.251689 6.251047 6.250404 6.249762 6.24912 6.248477 9.572756 9.572757 9.572759 9.57276 9.572761 9.572763 9.572764 9.572765 9.572767 9.572768 9.572769 9.57277 9.572772
9.572683 9.572684 9.572685 9.572686 9.572688 9.572689 9.57269 9.572692 9.572693 9.572694 9.572695 9.572697 9.572698 9.572699 9.572701 9.572702 6.275111 6.274469 9.572706 3.172896 3.172897 3.172899 9.572711 9.572712 9.572713 9.572715 9.572716 9.572717 9.572719 9.57272 9.572721 9.572722 9.572723 9.572725 9.572726 9.572727 9.572729 9.57273 9.572731 9.572733 9.572734 9.572735 9.572736 6.257769 6.257127 6.256484 6.255842 9.573812 9.573812 9.573812 9.573812 9.573812 9.573812 6.251345 9.573812 9.573812 9.573812 9.573812 9.573812 9.573812 6.24685 6.246207 6.245565 6.244923 6.24428 6.243638 6.242996 6.242353 6.241711 6.241069 6.240426
9.572683 9.572684 9.572685 9.572687 9.572688 9.572689 9.57269 9.572692 9.572693 9.572694 9.572696 9.572697 9.572698 9.5727 9.572701 9.572702 6.27541 6.274768 9.572706 3.172894 3.172895 3.172896 9.572711 9.572712 9.572714 9.572715 9.572716 9.572718 9.572719 9.57272 9.572721 9.572722 9.572723 9.572725 9.572726 9.572727 9.572729 9.57273 9.572731 6.260637 6.259995 6.259352 6.25871 9.573812 9.573812 9.573812 3.172925 3.172927 3.172928 3.172929 3.17293 3.172931 3.172933 6.251645 9.573949 3.173753 3.173753 3.173752 3.173752 3.173752 3.173752 3.173752 3.173751 9.573949 9.573949 9.573949 9.573949 9.573812 9.573812 9.573812 9.573812
9.572683 9.572684 9.572686 9.572687 9.572688 9.572689 9.572691 9.572692 9.572693 9.572695 9.572696 9.572697 9.572698 9.5727 9.572701 9.572702 6.275709 6.275067 6.274425 6.273782 6.27314 6.272498 6.271855 6.271213 6.270571 9.572715 9.572717 9.572718 9.572719 9.57272 9.572722 9.572723 6.265432 6.26479 6.264148 6.263506 6.262863 6.262221 9.573812 9.573812 9.573812 9.573812 9.573812 3.17292 3.172921 3.172922 3.172923 3.172925 3.172926 3.172927 3.172928 3.172929 3.17293 6.251944 9.573812 9.573812 9.573812 9.573812 9.573812 9.573812 9.573812 9.573812 9.573812 9.573812 9.573812 9.573812 9.573812 9.573812 9.573812 3.173751 3.173751
9.572683 9.572684 9.572686 9.572687 9.572688 9.57269 9.572691 9.572692 9.572693 9.572695 9.572696 9.572697 9.572699 9.5727 9.572701 9.572702 6.276009 9.573812 3.172889 3.17289 3.172891 3.172892 3.172893 9.573812 9.573812 9.573812 9.573812 9.573812 9.573812 9.573812 9.573812 9.573812 9.573812 9.573812 9.573812 9.573812 9.573812 9.573812 9.573812 3.172913 3.172914 3.172915 3.172917 3.172918 3.172919 9.573812 9.573812 9.573812 9.573812 9.573812 9.573812 9.573812 9.573812 6.252243 9.573949 9.573949 9.573949 9.573949 9.573949 9.573949 9.573949 9.573812 9.573812 9.573812 9.573812 9.573812 9.573812 9.573812 9.573812 9.573812 9.573812
9.572683 9.572685 9.572686 9.572687 9.572688 9.57269 9.572691 9.572692 9.572694 9.572695 9.572696 9.572698 9.572699 9.5727 9.572702 9.572702 6.276308 9.573812 9.573812 9.573812 3.172889 3.17289 3.172891 3.172892 3.172894 3.172895 3.172896 3.172897 6.2686 3.172899 3.172901 3.172902 3.172903 3.172904 3.172905 3.172906 3.172907 3.172909 3.17291 3.172911 9.573812 9.573812 9.573812 9.573812 9.573949 6.25768 6.257038 6.256396 6.255753 6.255111 6.254469 6.253826 6.253184 6.252542 6.2519 6.251257 6.250615 6.249972 6.24933 6.248688 6.248046 6.247403 6.246761 6.246119 6.245477 6.244834 6.244192 6.243549 6.242907 9.573949 9.573949
9.572684 9.572685 9.572686 9.572687 9.572689 9.57269 9.572691 9.572693 9.572694 9.572695 9.572696 9.572698 9.572699 9.5727 9.572702 9.572703 6.276607 9.573812 9.573812 9.573812 9.573812 9.573812 3.172889 3.17289 3.172891 3.172893 3.172894 3.172895 3.172896 3.172897 3.172898 3.1729 3.172901 3.172902 3.172903 9.573812 9.573812 9.573812 9.573949 6.261833 6.261191 6.260549 6.259906 6.259264 6.258622 9.572741 9.572742 9.572743 9.572745 9.572746 9.572748 9.572749 9.57275 6.252841 9.572753 16.573877 16.573877 16.573877 16.573877 9.572759 9.57276 9.572761 6.24706 9.572764 41.41748 41.41748 9.572768 9.572769 9.57277 9.572771 6.241921
9.572684 9.572685 9.572686 9.572688 9.572689 9.57269 9.572691 9.572693 9.572694 9.572695 9.572697 9.572698 9.572699 9.572701 9.572702 6.277548 6.276906 9.573812 9.573812 9.573812 9.573812 9.573812 9.573812 9.573813 9.573813 9.573813 9.573813 9.573813 9.573813 9.573813 9.573813 9.573813 9.573813 9.573949 6.265344 6.264701 6.264059 6.263417 6.262774 9.573817 6.26149 9.572736 9.572737 9.572739 16.573879 9.572741 16.573878 16.573878 16.573878 16.573878 16.573878 16.573878 9.572751 6.25314 9.572753 16.573879 16.573878 16.573878 16.573879 16.573879 16.573878 9.572761 9.572763 9.572765 41.417482 41.417483 41.417483 41.417483 16.573878 9.572772 17.138429
9.572684 9.572685 9.572687 9.572688 9.572689 9.57269 9.572692 9.572693 9.572694 9.572696 9.572697 9.572698 9.572699 9.572701 9.572702 6.277847 6.277205 9.573949 9.573813 9.573813 9.573813 9.573813 9.573813 9.573813 9.573813 9.573813 9.573813 9.573813 9.573949 6.268854 6.268212 6.26757 6.266927 6.266285 9.573817 9.573817 9.573817 9.573817 9.573817 9.573817 6.261789 9.572736 43.44643 16.573879 16.573879 9.572741 9.572743 9.572744 9.572745 9.572747 37.27668 37.27668 9.572751 6.253439 16.57388 16.573879 9.572756 9.572757 9.572758 16.57388 9.57276 6.2483 9.572763 41.417484 9.572766 9.572767 9.572768 9.572769 16.573879 9.572772 9.572773
9.572684 9.572685 9.572687 9.572688 9.572689 9.572691 9.572692 9.572693 9.572694 9.572696 9.572697 9.572698 9.5727 9.572701 9.572702 6.278146 6.277503 6.276861 6.276219 6.275577 6.274934 6.274292 6.27365 6.273007 6.272365 6.271723 6.27108 6.270438 6.269796 9.573817 9.573817 9.573817 9.573817 9.573817 9.573817 9.573817 9.573817 9.573817 9.573817 9.573817 6.262088 9.572736 43.44643 9.572739 9.57274 9.572741 9.572743 9.572744 9.572745 9.572747 37.27668 9.57275 6.25438 9.572752 16.573881 16.57388 9.572756 9.572757 9.572758 16.573881 9.57276 6.248599 9.572764 41.417485 9.572766 9.572767 9.572768 16.57388 16.57388 9.572772 9.572773
9.572684 9.572686 9.572687 9.572688 9.572689 9.572691 9.572692 9.572693 9.572695 9.572696 9.572697 9.572699 9.5727 9.572701 9.572702 6.278445 6.277802 9.573817 9.573817 9.573817 9.573817 9.573817 9.573817 9.573817 9.573817 9.573817 9.573817 9.573817 9.573817 9.573817 9.573817 9.573817 9.573817 9.573817 9.573817 9.573817 9.573817 9.573817 9.573817 9.573817 6.262387 9.572737 43.44643 16.573881 16.573881 43.44643 43.44643 9.572744 9.572746 9.572747 37.276682 9.57275 6.254679 9.572752 9.572753 9.572755 9.572756 9.572757 16.573882 16.573882 9.572761 6.248898 9.572764 16.573882 9.572766 9.572767 9.572769 9.57277 9.572771 9.572772 9.572774
9.572685 9.572686 9.572687 9.572688 9.57269 9.572691 9.572692 9.572694 9.572695 9.572696 9.572697 9.572699 9.5727 9.572701 9.572702 6.278744 6.278101 9.573817 9.573817 9.573817 9.573817 9.573817 9.573817 9.573817 9.573817 9.573817 9.573817 9.573817 9.573817 9.573817 9.573817 9.573817 9.573817 9.573817 9.573817 9.573817 9.573817 9.573817 9.573817 9.573817 6.262686 9.572737 43.44643 16.573882 16.573882 43.44643 43.44643 16.573884 16.573884 16.573884 37.276683 9.57275 6.254978 9.572752 41.417489 41.41749 41.41749 41.41749 16.573883 16.573883 9.572761 9.572763 16.573883 16.573883 9.572766 9.572768 9.572769 9.57277 9.572771 9.572773 9.572774
9.572685 9.572686 9.572687 9.572689 9.57269 9.572691 9.572692 9.572694 9.572695 9.572696 9.572698 9.572699 9.5727 9.572702 9.572703 6.279043 6.278401 9.573817 9.573817 9.573817 9.573817 9.573817 9.573817 9.573817 9.573817 9.573817 9.573817 6.271335 9.573817 9.573817 9.573817 9.573817 9.573817 9.573817 9.573817 9.573817 9.573817 9.573817 9.573817 9.573817 6.262985 9.572737 9.572738 9.57274 9.572741 9.572742 9.572743 9.572745 9.572746 9.572747 9.572749 9.57275 6.255277 9.572752 9.572754 9.572755 9.572756 9.572757 9.572759 9.57276 6.250139 9.572763 16.573884 16.573884 41.41749 41.41749 41.417489 16.573885 41.41749 41.41749 41.41749
9.572685 9.572686 9.572687 9.572689 9.57269 9.572691 9.572693 9.572694 9.572695 9.572697 9.572698 9.572699 9.572701 9.572702 9.572703 6.279342 6.2787 9.573817 9.573817 9.573817 9.573817 9.573817 9.573817 9.573817 9.573817 9.573817 9.573817 6.271634 9.573817 9.573817 6.269707 6.269065 6.268423 6.26778 6.267138 6.266496 6.265853 6.265211 6.264569 9.572735 6.263284 9.572737 9.572738 6.261357 6.260715 6.260073 6.25943 6.258788 6.258146 6.257503 6.256861 6.256219 6.255576 6.254934 6.254292 6.25365 6.253007 6.252365 6.251722 6.25108 6.250438 6.249796 6.249153 9.572766 9.572767 9.572768 9.572769 9.572771 9.572772 9.572773 9.572774
9.572685 9.572686 9.572688 9.572689 9.57269 9.572692 9.572693 9.572694 9.572695 9.572697 9.572698 9.572699 9.572701 9.572702 9.572703 6.279641 6.278999 6.278356 6.277714 6.277072 6.27643 6.275787 6.275145 6.274503 6.27386 6.273218 6.272575 6.271933 6.271291 9.572722 9.572723 9.572725 9.572726 9.572728 9.572729 9.57273 27.868441 27.868441 27.868441 9.572735 6.263583 31.341051 31.341051 31.341051 9.572741 9.572742 9.572744 9.572745 9.572746 9.572748 9.572749 6.256518 9.572752 9.572753 9.572754 9.572755 9.572757 9.572758 9.572759 9.57276 6.250737 9.572763 9.572764 9.572765 9.572767 9.572768 6.246883 6.246241 6.245598 6.244956 6.244314
9.572685 9.572687 9.572688 9.572689 9.57269 9.572692 9.572693 9.572694 9.572696 9.572697 9.572698 9.5727 9.572701 9.572702 9.572703 6.27994 6.279298 9.572707 9.572709 9.57271 9.572711 9.572712 9.572714 9.572715 9.572716 9.572717 9.572719 6.272232 31.438597 31.438597 31.438597 31.438597 9.572726 30.380228 9.572729 9.57273 9.572731 9.572732 9.572734 9.572735 6.263882 16.573889 31.341051 31.341051 31.341051 16.573889 9.572744 16.573889 31.341051 16.573889 9.572749 6.256817 9.572752 39.573883 39.573883 16.573888 9.572757 16.573888 9.572759 6.251678 9.572762 41.417493 16.573889 39.573883 16.573889 9.572768 16.573889 16.573889 9.572772 39.573883 9.572775
9.572685 9.572687 9.572688 9.572689 9.572691 9.572692 9.572693 9.572695 9.572696 9.572697 9.572699 9.5727 9.572701 9.572702 9.572703 6.280239 9.572706 31.438599 31.438599 31.438599 31.438599 9.572713 30.38023 30.38023 9.572716 9.572718 9.572719 6.272531 9.572721 9.572723 9.572724 9.572725 9.572727 9.572728 9.572729 9.57273 9.572731 9.572733 9.572734 9.572735 9.572736 29.951031 9.572739 9.57274 9.572741 9.572743 9.572744 9.572745 31.341052 9.572748 6.257758 9.57275 16.57389 16.573889 9.572755 9.572756 39.573884 39.573885 9.57276 6.251977 9.572762 41.417494 16.573891 39.573884 39.573886 9.572768 16.57389 16.57389 16.57389 39.573886 16.573889
