Processing/URBAM/data/Grid/legoGridUnit.asc
ncols         625
nrows         384
xllcorner     90
yllcorner     5
cellsize      2.8
NODATA_value  -1
[rows 64 to 95 of 384, columns 497 to 567 of 625]
6.050342 9.573013 3.173635 3.173635 3.173635 3.173634 3.173634 3.173634 3.173634 3.173634 3.173633 3.173633 3.173633 3.173633 9.573029 9.57303 10.074052 10.074052 10.074052 9.573036 9.573037 9.573038 9.573039 9.573041 9.573042 24.698919 24.698919 24.698919 24.698919 9.573048 9.57305 9.573051 6.029788 6.029146 9.573055 9.573056 9.57236 9.572357 9.572354 9.572351 9.572348 9.572344 9.572341 9.572338 9.572335 9.572332 9.572328 9.572325 9.572322 9.572319 9.572315 9.572312 9.572309 9.572306 9.572303 9.572299 9.572296 0.0 0.0 0.0 0.0 0.0 0.0 0.0 0.0 0.0 0.0 0.0 0.0 0.0 0.0
6.050641 3.173636 3.173635 3.173635 3.173635 10.074052 3.173635 3.173634 3.173634 9.573023 9.573024 10.074052 10.074052 10.074052 9.573029 10.074052 9.573032 9.573033 9.573034 9.573036 9.573037 9.573038 9.57304 9.573041 9.573042 9.573043 24.698919 24.698919 24.698919 9.573049 9.57305 9.573051 6.030087 6.029445 9.573055 9.573057 9.57236 9.572357 9.572354 9.57235 9.572347 9.572344 9.572341 9.572338 9.572334 9.572331 9.572328 9.572325 9.572321 9.572318 9.572315 9.572312 9.572309 9.572305 9.572302 9.572299 9.572296 9.572293 0.0 0.0 0.0 0.0 0.0 0.0 0.0 0.0 0.0 0.0 0.0 0.0 0.0
6.05094 6.050298 3.173636 3.173636 9.573017 10.074052 10.074052 10.074052 10.074052 9.573023 9.573024 9.573026 9.573027 9.573028 9.57303 9.573031 9.573032 24.698919 24.698919 24.698919 9.573037 9.573038 9.57304 9.573041 9.573042 9.573044 24.698919 9.573046 9.573047 9.573049 9.57305 9.573051 6.030386 6.029744 9.573055 9.573057 3.173618 9.572356 9.572353 9.57235 9.572347 9.572343 9.57234 9.572337 9.572334 9.572331 9.572327 9.572324 9.572321 9.572318 9.572315 9.572311 9.572308 9.572305 9.572302 9.572298 9.572295 9.572292 0.0 0.0 0.0 0.0 0.0 0.0 0.0 0.0 0.0 0.0 0.0 0.0 0.0
6.051239 10.074052 10.074052 10.074052 9.573017 9.573018 9.57302 9.573021 9.573022 9.573023 9.573025 9.573026 9.573027 9.573028 9.57303 9.573031 10.074052 24.698919 24.698919 24.698919 24.698919 9.573039 9.57304 9.573041 9.573042 9.573044 24.698919 24.698919 24.698919 24.698919 9.57305 9.573051 6.030685 6.030043 9.573055 9.573057 3.173616 9.572356 9.572353 9.572349 9.572346 9.572343 9.57234 9.572337 9.572333 9.57233 9.572327 9.572324 9.572321 9.572317 9.572314 9.572311 9.572308 9.572304 9.572301 9.572298 9.572295 9.572292 9.572288 0.0 0.0 0.0 0.0 0.0 0.0 0.0 0.0 0.0 0.0 0.0 0.0
6.051538 6.050896 9.573015 24.698919 24.698919 9.573018 24.698919 9.573021 9.573022 9.573024 9.573025 9.573026 9.573027 9.573029 9.57303 9.573031 10.074052 9.573034 9.573035 9.573036 9.573038 9.573039 24.698919 24.698919 24.698919 9.573044 24.698919 24.698919 24.698919 24.698919 9.57305 9.573052 6.030984 6.030342 6.0297 9.573057 3.173614 9.572355 9.572352 9.572349 9.572346 9.572343 9.572339 9.572336 9.572333 9.57233 9.572326 9.572323 9.57232 9.572317 9.572314 9.57231 9.572307 9.572304 9.572301 9.572297 9.572294 9.572291 9.572288 0.0 0.0 0.0 0.0 0.0 0.0 0.0 0.0 0.0 0.0 0.0 0.0
9.573012 6.051195 9.573015 9.573016 9.573017 9.573019 24.698919 9.573021 9.573022 9.573024 9.573025 9.573026 9.573028 24.698919 24.698919 24.698919 10.074052 24.698919 24.698919 24.698919 24.698919 9.573039 24.698919 24.698919 24.698919 24.698919 24.698919 24.698919 9.573048 9.573049 9.573051 9.573052 9.573053 6.030641 6.029999 9.573057 3.173611 9.572355 9.572352 9.572348 9.572345 9.572342 9.572339 9.572336 9.572332 9.572329 9.572326 9.572323 9.572319 9.572316 9.572313 9.57231 9.572307 9.572303 9.5723 9.572297 9.572294 9.572291 9.572287 9.572284 0.0 0.0 0.0 0.0 0.0 0.0 0.0 0.0 0.0 0.0 0.0
9.573012 6.051494 9.573015 24.698919 24.698919 24.698919 9.57302 9.573021 9.573023 9.573024 9.573025 9.573026 24.698919 24.698919 24.698919 24.698919 10.074052 24.698919 24.698919 24.698919 24.698919 9.573039 24.698919 9.573042 9.573043 9.573044 9.573046 9.573047 24.698919 24.698919 9.573051 9.573052 9.573053 6.03094 6.030298 9.573057 9.573059 9.572354 9.572351 9.572348 9.572345 9.572342 9.572338 9.572335 9.572332 9.572329 9.572325 9.572322 9.572319 9.572316 9.572312 9.572309 9.572306 9.572303 9.5723 9.572296 9.572293 9.57229 9.572287 9.572284 0.0 0.0 0.0 0.0 0.0 0.0 0.0 0.0 0.0 0.0 0.0
9.573013 6.051793 6.051151 9.573016 9.573018 24.698919 24.698919 9.573022 9.573023 9.573024 9.573025 9.573027 9.573028 9.573029 9.57303 9.573032 9.573033 9.573034 9.573036 9.573037 9.573038 9.573039 9.573041 24.698919 24.698919 24.698919 9.573046 24.698919 24.698919 24.698919 24.698919 9.573052 9.573053 6.031239 6.030597 9.573057 9.573059 9.572354 9.572351 9.572347 9.572344 9.572341 9.572338 9.572335 9.572331 9.572328 9.572325 9.572322 9.572318 9.572315 9.572312 9.572309 9.572305 9.572302 9.572299 9.572296 9.572293 9.57229 9.572286 9.572283 9.57228 0.0 0.0 0.0 0.0 0.0 0.0 0.0 0.0 0.0 0.0
9.573013 6.052092 6.05145 9.573017 24.698919 9.573019 9.57302 24.698919 9.573023 9.573024 9.573026 9.573027 9.573028 9.573029 10.074052 10.074052 10.074052 10.074052 24.698919 24.698919 24.698919 24.698919 24.698919 24.698919 24.698919 24.698919 9.573046 24.698919 24.698919 9.57305 9.573051 10.074052 10.074052 6.031538 6.030896 9.573058 9.573059 3.173606 9.57235 9.572347 9.572344 9.57234 9.572337 9.572334 9.572331 9.572328 9.572324 9.572321 9.572318 9.572315 9.572311 9.572308 9.572305 9.572302 9.572299 9.572295 9.572292 9.572289 9.572286 9.572283 9.572279 0.0 0.0 0.0 0.0 0.0 0.0 0.0 0.0 0.0 0.0
24.698919 6.052391 6.051749 9.573017 24.698919 24.698919 9.573021 24.698919 9.573023 10.074052 10.074052 10.074052 9.573028 9.57303 24.698919 24.698919 9.573033 10.074052 24.698919 24.698919 24.698919 24.698919 9.573041 24.698919 24.698919 9.573045 10.074052 10.074052 10.074052 9.57305 9.573051 9.573053 9.573054 6.031837 6.031195 6.030552 9.573059 3.173604 9.57235 9.572346 9.572343 9.57234 9.572337 9.572333 9.57233 9.572327 9.572324 9.572321 9.572317 9.572314 9.572311 9.572308 9.572304 9.572301 9.572298 9.572295 9.572292 9.572289 9.572285 9.572282 9.572279 9.572276 0.0 0.0 0.0 0.0 0.0 0.0 0.0 0.0 0.0
24.698919 9.573015 6.052048 9.573017 9.573018 10.074052 10.074052 10.074052 9.573023 24.698919 24.698919 24.698919 24.698919 24.698919 24.698919 24.698919 9.573034 10.074052 24.698919 24.698919 10.074052 10.074052 10.074052 10.074052 9.573044 9.573045 9.573046 9.573048 9.573049 9.57305 9.573051 9.573053 9.573054 6.032136 6.031494 6.030851 9.573059 3.173602 9.572349 9.572346 9.572343 9.57234 9.572336 9.572333 9.57233 9.572327 9.572323 9.57232 9.572317 9.572314 9.57231 9.572307 9.572304 9.572301 9.572298 9.572294 9.572291 6.016721 6.016078 6.015436 6.014794 6.014151 0.0 0.0 0.0 0.0 0.0 0.0 0.0 0.0 0.0
9.573013 9.573015 6.052347 9.573017 9.573019 24.698919 24.698919 24.698919 24.698919 24.698919 24.698919 24.698919 24.698919 24.698919 24.698919 24.698919 24.698919 9.573035 9.573036 9.573038 9.573039 9.57304 9.573041 9.573043 9.573044 9.573045 9.573047 9.573048 9.573049 9.57305 9.573052 9.573053 9.573054 9.573056 6.031793 6.03115 9.573059 3.1736 9.572349 9.572346 9.572342 9.572339 9.572336 9.572333 9.572329 9.572326 9.572323 9.57232 9.572316 9.572313 6.021516 6.020874 6.020231 6.019589 6.018947 6.018304 9.572291 9.572288 9.572285 9.572281 9.572278 9.572275 0.0 0.0 0.0 0.0 0.0 0.0 0.0 0.0 0.0
24.698919 9.573015 6.052646 6.052004 9.573019 24.698919 24.698919 24.698919 24.698919 24.698919 24.698919 24.698919 24.698919 24.698919 24.698919 24.698919 24.698919 9.573035 9.573037 9.573038 9.573039 9.57304 9.573042 9.573043 9.573044 9.573045 9.573047 9.573048 9.573049 9.573051 9.573052 9.573053 9.573054 9.573056 6.032092 6.031449 9.57306 3.173598 9.572348 9.572345 9.572342 9.572339 9.572335 6.026311 6.025669 6.025027 6.024384 6.023742 6.0231 9.572313 9.57231 9.572306 9.572303 9.5723 9.572297 9.572294 9.572291 9.572287 9.572284 9.572281 9.572277 9.572274 9.572271 0.0 0.0 0.0 0.0 0.0 0.0 0.0 0.0
9.573014 9.573015 6.052945 6.052303 9.573019 24.698919 24.698919 24.698919 24.698919 24.698919 24.698919 24.698919 24.698919 24.698919 24.698919 24.698919 24.698919 9.573035 9.573037 9.573038 9.573039 9.573041 9.573042 9.573043 9.573044 9.573046 9.573047 9.573048 9.57305 9.573051 9.573052 9.573053 9.573055 9.573056 6.032391 6.031748 6.031106 6.030464 6.029822 6.02918 6.028537 6.027895 6.027253 9.572332 9.572328 9.572325 9.572322 9.572319 9.572316 9.572313 9.57231 9.572306 9.572303 9.5723 9.572297 9.572293 9.57229 9.572287 9.572283 9.57228 9.572277 9.572274 9.57227 0.0 0.0 0.0 0.0 0.0 0.0 0.0 0.0
9.573014 24.698919 6.053244 6.052602 9.573019 24.698919 24.698919 24.698919 24.698919 24.698919 24.698919 24.698919 24.698919 24.698919 24.698919 24.698919 24.698919 9.573036 9.573037 9.573038 9.573039 9.573041 9.573042 9.573043 9.573045 9.573046 9.573047 9.573048 9.57305 9.573051 9.573052 9.573054 9.573055 9.573056 6.03269 6.032047 6.031405 9.573061 3.173634 9.572344 9.572341 9.572338 9.572334 9.572331 9.572328 9.572325 9.572321 9.572318 9.572315 9.572312 9.572309 9.572306 9.572303 9.572299 9.572296 9.572293 9.57229 9.572286 9.572283 9.57228 9.572276 9.572273 9.57227 9.572267 0.0 0.0 0.0 0.0 0.0 0.0 0.0
9.573014 9.573015 10.074052 6.052901 9.573019 24.698919 24.698919 24.698919 24.698919 24.698919 24.698919 24.698919 24.698919 24.698919 24.698919 24.698919 24.698919 9.573036 9.573037 9.573038 9.57304 9.573041 9.573042 9.573043 9.573045 9.573046 9.573047 9.573049 9.57305 9.573051 9.573052 9.573054 9.573055 9.573056 6.032989 6.032346 6.031704 9.573062 3.173634 9.572344 9.57234 9.572337 9.572334 9.57233 9.572327 9.572324 9.572321 9.572318 9.572315 9.572312 9.572308 9.572305 9.572302 9.572299 9.572296 9.572292 9.572289 9.572286 9.572282 9.572279 9.572276 9.572273 9.572269 9.572266 0.0 0.0 0.0 0.0 0.0 0.0 0.0
10.074052 9.573016 9.573017 6.0532 9.573019 9.573021 24.698919 24.698919 24.698919 24.698919 24.698919 24.698919 24.698919 24.698919 24.698919 24.698919 24.698919 24.698919 9.573037 9.573039 9.57304 9.573041 9.573042 9.573044 9.573045 9.573046 9.573048 9.573049 9.57305 9.573051 9.573053 9.573054 9.573055 9.573056 9.573058 6.032646 6.032003 9.573062 3.173633 9.572343 9.57234 9.572336 9.572333 9.57233 9.572327 9.572324 9.57232 9.572317 9.572314 9.572311 9.572308 9.572305 9.572302 9.572298 9.572295 9.572292 9.572288 9.572285 9.572282 9.572279 9.572275 9.572272 9.572269 9.572266 9.572263 0.0 0.0 0.0 0.0 0.0 0.0
39.698925 39.698925 39.698925 6.053499 6.052856 9.573021 24.698919 24.698919 24.698919 24.698919 24.698919 24.698919 24.698919 24.698919 24.698919 24.698919 24.698919 24.698919 9.573038 9.573039 9.57304 9.573041 9.573043 9.573044 9.573045 9.573046 9.573048 9.573049 9.57305 9.573052 9.573053 9.573054 9.573055 9.573057 9.573058 6.032945 6.032302 9.573062 3.173633 9.572342 9.572339 9.572336 9.572333 9.572329 9.572326 9.572323 9.57232 9.572317 9.572314 9.57231 9.572307 9.572304 9.572301 9.572298 9.572294 9.572291 9.572288 9.572285 9.572281 9.572278 9.572275 9.572272 9.572269 9.572265 9.572262 0.0 0.0 0.0 0.0 0.0 0.0
39.698925 39.698925 39.698925 6.053798 6.053155 9.573021 24.698919 24.698919 24.698919 24.698919 24.698919 24.698919 24.698919 24.698919 24.698919 24.698919 24.698919 24.698919 9.573038 9.573039 9.57304 9.573042 9.573043 9.573044 9.573045 9.573047 9.573048 9.573049 9.57305 9.573052 9.573053 9.573054 9.573056 9.573057 9.573058 6.033244 6.032601 9.573062 3.173634 9.572342 9.572339 9.572335 9.572332 9.572329 9.572326 9.572323 9.572319 9.572316 9.572313 9.57231 9.572307 9.572304 9.5723 9.572297 9.572294 9.572291 9.572287 9.572284 9.572281 9.572278 9.572274 9.572271 9.572268 9.572265 9.572262 9.572259 0.0 0.0 0.0 0.0 0.0
39.698925 39.698925 39.698925 6.054097 6.053454 9.573021 24.698919 24.698919 24.698919 24.698919 24.698919 24.698919 24.698919 24.698919 24.698919 24.698919 24.698919 24.698919 9.573038 9.573039 9.57304 9.573042 9.573043 9.573044 9.573046 9.573047 9.573048 9.573049 9.573051 9.573052 9.573053 9.573054 9.573056 9.573057 9.573058 6.033543 6.0329 9.573063 9.573064 3.173635 9.572338 9.572335 9.572332 9.572329 9.572326 9.572322 9.572319 9.572316 9.572313 9.572309 9.572306 9.572303 9.5723 9.572297 9.572294 9.57229 9.572287 9.572284 9.572281 9.572277 9.572274 9.572271 9.572268 9.572265 9.572261 9.572258 0.0 0.0 0.0 0.0 0.0
39.698925 39.698925 39.698925 9.573019 6.053753 9.573022 24.698919 24.698919 24.698919 24.698919 24.698919 24.698919 24.698919 24.698919 24.698919 24.698919 24.698919 24.698919 9.573038 9.573039 9.573041 9.573042 9.573043 9.573044 9.573046 9.573047 9.573048 9.57305 9.573051 9.573052 9.573053 9.573055 9.573056 9.573057 9.573058 6.033842 6.033199 6.032557 9.573064 3.173634 9.572338 9.572335 9.572331 9.572328 9.572325 9.572322 9.572319 9.572316 9.572312 9.572309 9.572306 9.572303 9.572299 9.572296 9.572293 9.57229 9.572287 9.572283 9.57228 9.572277 9.572274 9.57227 9.572267 9.572264 9.572261 9.572258 6.01393 0.0 0.0 0.0 0.0
9.573015 9.573017 9.573018 10.074052 6.054052 6.05341 9.573023 24.698919 24.698919 24.698919 24.698919 24.698919 24.698919 24.698919 24.698919 24.698919 24.698919 24.698919 24.698919 9.57304 9.573041 9.573042 9.573043 9.573045 9.573046 9.573047 9.573048 9.57305 9.573051 9.573052 9.573054 9.573055 9.573056 9.573057 9.573059 9.57306 6.033498 6.032856 9.573064 3.173634 9.572337 9.572334 9.572331 9.572328 9.572325 9.572322 9.572319 9.572315 9.572312 9.572309 9.572305 9.572302 9.572299 9.572296 9.572293 9.572289 9.572286 9.572283 6.019368 6.018725 6.018083 6.017441 6.016798 6.016156 6.015514 6.014871 6.014229 0.0 0.0 0.0 0.0
10.074052 9.573017 9.573018 24.698919 6.054351 6.053709 9.573023 24.698919 24.698919 24.698919 24.698919 24.698919 24.698919 24.698919 24.698919 24.698919 24.698919 9.573037 9.573038 9.57304 9.573041 9.573042 9.573044 9.573045 9.573046 9.573047 9.573049 9.57305 9.573051 9.573053 9.573054 9.573055 9.573056 9.573058 9.573059 9.57306 6.033797 6.033155 9.573064 3.173635 9.572337 9.572334 9.572331 9.572327 9.572324 9.572321 9.572318 9.572315 9.572312 9.572308 9.572305 9.572302 6.02352 6.022878 6.022236 6.021594 6.020951 6.020309 6.019667 6.019024 6.018382 6.01774 6.017097 6.016455 6.015813 6.01517 6.014528 6.013886 0.0 0.0 0.0
24.698919 24.698919 9.573018 9.57302 6.054651 6.054008 9.573023 24.698919 24.698919 24.698919 24.698919 24.698919 9.573031 9.573032 9.573034 9.573035 9.573036 9.573037 9.573039 9.57304 9.573041 9.573043 9.573044 9.573045 9.573046 9.573048 9.573049 9.57305 9.573051 9.573053 9.573054 9.573055 9.573057 9.573058 9.573059 9.57306 6.034097 6.033454 9.573064 3.173637 3.173638 9.572333 9.57233 9.572327 9.572324 9.572321 6.027673 6.027031 6.026389 6.025746 6.025104 6.024462 6.02382 6.023177 6.022535 6.021893 6.02125 6.020608 6.019966 6.019323 6.018681 6.018039 9.573095 9.573096 9.573097 9.573098 9.5731 6.014185 0.0 0.0 0.0
24.698919 24.698919 9.573019 24.698919 6.05495 6.054307 9.573024 24.698919 24.698919 24.698919 24.698919 24.698919 24.698919 9.573033 9.573034 9.573035 9.573036 9.573038 9.573039 9.57304 9.573041 9.573043 9.573044 9.573045 9.573047 9.573048 9.573049 9.57305 9.573052 9.573053 9.573054 9.573055 9.573057 9.573058 9.573059 9.573061 6.034396 6.033753 6.033111 3.173639 3.173639 6.031184 6.030542 6.029899 6.029257 6.028615 6.027972 6.02733 6.026688 6.026045 6.025403 6.024761 6.024119 6.023476 9.573085 9.573086 9.573087 9.573089 9.57309 9.573091 9.573092 9.573094 9.573095 9.573096 9.573097 9.573099 9.5731 9.573101 6.013841 0.0 0.0
9.573016 9.573017 9.573019 24.698919 9.573021 6.054606 9.573024 24.698919 24.698919 24.698919 24.698919 24.698919 24.698919 9.573033 9.573034 9.573035 9.573037 9.573038 9.573039 9.57304 9.573042 9.573043 9.573044 9.573045 9.573047 9.573048 9.573049 9.573051 9.573052 9.573053 9.573054 9.573056 9.573057 9.573058 9.57306 6.035337 6.034695 6.034052 6.03341 6.032768 6.032125 6.031483 6.030841 6.030198 6.029556 6.028914 6.028271 6.027629 9.573078 9.573079 9.57308 9.573081 9.573083 9.573084 9.573085 9.573086 9.573088 9.573089 9.57309 9.573091 9.573093 9.573094 9.573095 9.573096 9.573098 9.573099 9.5731 9.573101 6.014141 0.0 0.0
24.698919 24.698919 9.573019 24.698919 24.698919 6.054905 6.054263 9.573025 24.698919 24.698919 24.698919 24.698919 24.698919 9.573033 9.573034 9.573035 9.573037 9.573038 9.573039 9.573041 9.573042 9.573043 9.573044 9.573046 9.573047 9.573048 9.57305 9.573051 9.573052 9.573054 9.573055 9.573056 6.037563 6.036921 6.036278 6.035636 6.034994 6.034351 6.033709 6.033067 6.032424 6.031782 6.03114 9.573071 9.573073 9.573074 9.573075 9.573076 9.573078 9.573079 9.57308 9.573081 9.573083 9.573084 9.573085 9.573086 9.573088 9.573089 9.57309 9.573091 9.573093 9.573094 9.573095 9.573096 9.573098 9.573099 9.5731 9.573101 6.01444 0.0 0.0
9.573017 24.698919 9.573019 24.698919 24.698919 6.055204 6.054562 9.573025 24.698919 24.698919 24.698919 24.698919 24.698919 9.573033 9.573034 9.573036 9.573037 9.573038 9.573039 9.573041 9.573042 9.573043 9.573045 9.573046 9.573047 9.573049 9.57305 9.573051 6.040431 6.039789 6.039146 6.038504 6.037862 6.03722 6.036577 6.035935 6.035293 6.03465 6.034008 6.033366 3.173569 9.573069 9.57307 9.573072 9.573073 9.573074 9.573075 9.573077 9.573078 9.573079 9.57308 9.573082 9.573083 9.573084 9.573085 9.573087 9.573088 9.573089 9.57309 9.573092 9.573093 9.573094 9.573095 9.573097 9.573098 9.573099 3.173599 3.1736 3.173602 3.173603 0.0
9.573017 24.698919 9.573019 24.698919 9.573022 6.055503 6.054861 9.573026 9.573027 9.573028 9.573029 9.573031 9.573032 9.573033 9.573035 9.573036 9.573037 9.573039 9.57304 9.573041 9.573042 9.573044 9.573045 6.043942 6.043299 6.042657 6.042015 6.041372 6.04073 6.040088 6.039445 6.038803 6.038161 6.037519 9.573061 9.573062 6.035592 6.034949 6.034307 9.573067 3.173567 3.173568 9.57307 9.573072 9.573073 9.573074 9.573075 9.573077 9.573078 9.573079 9.57308 9.573082 9.573083 9.573084 9.573085 3.173584 3.173585 3.173587 3.173588 3.173589 3.17359 3.173591 3.173592 3.173594 3.173595 3.173596 3.173597 3.173598 3.173599 6.014395 0.0
9.573017 9.573018 24.698919 24.698919 24.698919 6.055802 6.05516 9.573026 9.573027 9.573028 9.57303 9.573031 9.573032 9.573034 9.573035 9.573036 9.573038 9.573039 6.047452 6.04681 6.046168 6.045525 6.044883 6.044241 6.043598 6.042956 6.042314 6.041671 6.041029 6.040387 9.573056 9.573057 9.573058 9.573059 9.573061 9.573062 9.573063 6.035248 6.034606 9.573067 3.173565 3.173566 9.573071 9.573072 3.173569 3.17357 3.173572 3.173573 3.173574 3.173575 3.173576 3.173577 3.173579 3.17358 3.173581 3.173582 3.173583 3.173584 3.173586 3.173587 3.173588 3.173589 3.17359 3.173591 3.173593 3.173594 3.173595 3.173596 3.173597 6.014694 3.173599
9.573017 24.698919 24.698919 9.573021 9.573022 9.573023 6.055459 9.573026 9.573027 9.573029 9.57303 9.573031 9.573033 9.573034 6.050321 6.049678 6.049036 6.048394 6.047751 6.047109 6.046467 6.045824 6.045182 6.04454 6.043897 9.573049 9.573051 9.573052 9.573053 9.573054 9.573056 9.573057 9.573058 9.573059 9.573061 9.573062 3.173643 6.035547 6.034905 3.173561 3.173563 3.173564 3.173565 3.173566 3.173567 3.173568 3.173569 3.173571 3.173572 3.173573 3.173574 3.173575 3.173576 3.173578 3.173579 3.17358 3.173581 3.173582 3.173583 3.173585 3.173586 3.173587 3.173588 3.173589 3.17359 3.173591 9.573101 9.573103 9.573104 6.014993 9.572237
9.573017 9.573019 9.57302 9.573021 9.573022 9.573024 6.055758 6.055116 6.054474 6.053831 6.053189 6.052547 6.051904 6.051262 6.05062 6.049978 6.049335 6.048693 6.04805 6.047408 9.573043 9.573044 9.573046 9.573047 9.573048 9.573049 9.573051 9.573052 9.573053 9.573054 9.573056 9.573057 3.173644 3.173643 3.173643 3.173643 3.173643 6.035846 6.035204 6.034562 3.17356 3.173562 3.173563 3.173564 3.173565 3.173566 3.173567 3.173569 3.17357 3.173571 3.173572 3.173573 3.173574 3.173575 3.173577 9.573087 9.573089 9.57309 9.573091 9.573092 9.573094 9.573095 9.573096 9.573098 9.573099 9.5731 9.573101 9.573103 9.573104 9.573105 9.572236
